2,2003, 4.74094
2003,2, 4.74094
3,2004, 0.822379
2004,3, 0.822379
3,2005, 4.29973
2005,3, 4.29973
4,2007, 0.0379555
2007,4, 0.0379555
5,2013, 5.28276
2013,5, 5.28276
6,2014, 4.78339
2014,6, 4.78339
7,2015, 0.335563
2015,7, 0.335563
8,2018, 9.99201
2018,8, 9.99201
9,2019, 3.53165
2019,9, 3.53165
1,3003, 3.2631
3003,1, 3.2631
2,3001, 5.24031
3001,2, 5.24031
3,3005, 4.04225
3005,3, 4.04225
6,3007, 2.38169
3007,6, 2.38169
7,3004, 2.24894
3004,7, 2.24894
8,3008, 0.0573063
3008,8, 0.0573063
9,3006, 1.98377
3006,9, 1.98377
10,3002, 0.860528
3002,10, 0.860528
3,4001, 0.647773
4001,3, 0.647773
4,4002, 3.79702
4002,4, 3.79702
4,4003, 6.29604
4003,4, 6.29604
5,4009, 5.9991
4009,5, 5.9991
6,4010, 1.74484
4010,6, 1.74484
7,4010, 7.54693
4010,7, 7.54693
5,5009, 0.60695
5009,5, 0.60695
6,5003, 1.77651
5003,6, 1.77651
8,5006, 8.92261
5006,8, 8.92261
2,6006, 3.33976
6006,2, 3.33976
4,6001, 9.47245
6001,4, 9.47245
4,6002, 0.136991
6002,4, 0.136991
5,6017, 6.32596
6017,5, 6.32596
4,7010, 7.35373
7010,4, 7.35373
5,7002, 0.189913
7002,5, 0.189913
4,8001, 0.668367
8001,4, 0.668367
4,8005, 7.57578
8005,4, 7.57578
5,8015, 1.45787
8015,5, 1.45787
3,9002, 2.24339
9002,3, 2.24339
4,9002, 6.53175
9002,4, 6.53175
2,10003, 7.46481
10003,2, 7.46481
2,11006, 8.62267
11006,2, 8.62267
3,11008, 7.03937
11008,3, 7.03937
2,12003, 3.78305
12003,2, 3.78305
2,13003, 4.54906
13003,2, 4.54906
3,13005, 3.0504
13005,3, 3.0504
4,13005, 9.39848
13005,4, 9.39848
4,14002, 6.09354
14002,4, 6.09354
3,15001, 9.67802
15001,3, 9.67802
2,16005, 1.5096
16005,2, 1.5096
3,16001, 4.83981
16001,3, 4.83981
8,16011, 7.71904
16011,8, 7.71904
9,16011, 0.458597
16011,9, 0.458597
9,16012, 8.52554
16012,9, 8.52554
2,18002, 8.79029
18002,2, 8.79029
4,18003, 9.75176
18003,4, 9.75176
6,18013, 9.95025
18013,6, 9.95025
7,18012, 7.6654
18012,7, 7.6654
8,18016, 5.43482
18016,8, 5.43482
9,18016, 5.12252
18016,9, 5.12252
3,20003, 2.49974
20003,3, 2.49974
3,20007, 8.84134
20007,3, 8.84134
4,20003, 5.40876
20003,4, 5.40876
4,20007, 2.24931
20007,4, 2.24931
4,20014, 2.52275
20014,4, 2.52275
6,20019, 6.48126
20019,6, 6.48126
7,20018, 6.87682
20018,7, 6.87682
10,20020, 8.15025
20020,10, 8.15025
3,21005, 1.64598
21005,3, 1.64598
3,21010, 5.98222
21010,3, 5.98222
3,21016, 0.804754
21016,3, 0.804754
4,21010, 0.0999426
21010,4, 0.0999426
4,21016, 8.20959
21016,4, 8.20959
5,21012, 4.92044
21012,5, 4.92044
6,21008, 1.66055
21008,6, 1.66055
7,21008, 8.9091
21008,7, 8.9091
8,21009, 4.05507
21009,8, 4.05507
9,21009, 4.47125
21009,9, 4.47125
2,22004, 1.40619
22004,2, 1.40619
3,22001, 6.5061
22001,3, 6.5061
3,22002, 2.09631
22002,3, 2.09631
3,22003, 8.87269
22003,3, 8.87269
4,22002, 8.26136
22002,4, 8.26136
4,22003, 4.44076
22003,4, 4.44076
5,22005, 8.40447
22005,5, 8.40447
6,22006, 7.10676
22006,6, 7.10676
6,22007, 8.33166
22007,6, 8.33166
7,22007, 5.86933
22007,7, 5.86933
9,22012, 6.61757
22012,9, 6.61757
3,23014, 4.15356
23014,3, 4.15356
4,23006, 8.45626
23006,4, 8.45626
5,23009, 3.65973
23009,5, 3.65973
6,23001, 2.04406
23001,6, 2.04406
6,23004, 2.4295
23004,6, 2.4295
7,23001, 1.85678
23001,7, 1.85678
7,23004, 2.19456
23004,7, 2.19456
9,23003, 1.94018
23003,9, 1.94018
2,24003, 9.42392
24003,2, 9.42392
3,24002, 1.37139
24002,3, 1.37139
6,24004, 1.04927
24004,6, 1.04927
7,24005, 4.83786
24005,7, 4.83786
8,24007, 4.3039
24007,8, 4.3039
3,25003, 1.29982
25003,3, 1.29982
6,25002, 0.0875222
25002,6, 0.0875222
6,25005, 3.74718
25005,6, 3.74718
7,25002, 2.25185
25002,7, 2.25185
7,25005, 6.90019
25005,7, 6.90019
8,25006, 4.75123
25006,8, 4.75123
9,25004, 0.824928
25004,9, 0.824928
10,25001, 5.00002
25001,10, 5.00002
1,26001, 3.14851
26001,1, 3.14851
2,26003, 7.59046
26003,2, 7.59046
3,26002, 3.12572
26002,3, 3.12572
6,26004, 4.9747
26004,6, 4.9747
6,26005, 8.77214
26005,6, 8.77214
7,26004, 9.77294
26004,7, 9.77294
7,26005, 2.3582
26005,7, 2.3582
9,26007, 7.31008
26007,9, 7.31008
10,26006, 9.01026
26006,10, 9.01026
1,27003, 5.38525
27003,1, 5.38525
2,27001, 6.48612
27001,2, 6.48612
3,27005, 4.35844
27005,3, 4.35844
7,27004, 1.93971
27004,7, 1.93971
9,27006, 1.70511
27006,9, 1.70511
10,27002, 2.53231
27002,10, 2.53231
1,28001, 3.75082
28001,1, 3.75082
3,28004, 5.40049
28004,3, 5.40049
7,28008, 3.08512
28008,7, 3.08512
9,28010, 3.70847
28010,9, 3.70847
10,28002, 1.98474
28002,10, 1.98474
7,29009, 7.84908
29009,7, 7.84908
1,30002, 1.6736
30002,1, 1.6736
3,30006, 2.3392
30006,3, 2.3392
4,30010, 3.42083
30010,4, 3.42083
6,30012, 2.07297
30012,6, 2.07297
7,30011, 6.1461
30011,7, 6.1461
8,30016, 5.15788
30016,8, 5.15788
9,30014, 9.02781
30014,9, 9.02781
1,32001, 3.98358
32001,1, 3.98358
3,32006, 4.63973
32006,3, 4.63973
4,32014, 9.44154
32014,4, 9.44154
4,32017, 0.0745675
32017,4, 0.0745675
5,32021, 9.84818
32021,5, 9.84818
7,32019, 5.98926
32019,7, 5.98926
9,32023, 4.77003
32023,9, 4.77003
1,33004, 2.94849
33004,1, 2.94849
3,34001, 6.52116
34001,3, 6.52116
4,34010, 7.4413
34010,4, 7.4413
5,34009, 4.46856
34009,5, 4.46856
3,36005, 3.10049
36005,3, 3.10049
8,36019, 3.77542
36019,8, 3.77542
4,37008, 9.05059
37008,4, 9.05059
6,37009, 6.65667
37009,6, 6.65667
1,38002, 2.59707
38002,1, 2.59707
4,39001, 4.67313
39001,4, 4.67313
1,40016, 3.38385
40016,1, 3.38385
4,40009, 2.97713
40009,4, 2.97713
4,40010, 9.39684
40010,4, 9.39684
4,40018, 5.25154
40018,4, 5.25154
4,42005, 1.7289
42005,4, 1.7289
1,43008, 2.72622
43008,1, 2.72622
4,43002, 7.02365
43002,4, 7.02365
2,44021, 3.09552
44021,2, 3.09552
6,57003, 2.58524
57003,6, 2.58524
1,58010, 2.70586
58010,1, 2.70586
4,58013, 6.92273
58013,4, 6.92273
4,58015, 1.4775
58015,4, 1.4775
4,60005, 4.2522
60005,4, 4.2522
4,60008, 8.55621
60008,4, 8.55621
6,60017, 2.82069
60017,6, 2.82069
8,60020, 9.2124
60020,8, 9.2124
3,61015, 5.04888
61015,3, 5.04888
6,61017, 8.27404
61017,6, 8.27404
8,61020, 2.27349
61020,8, 2.27349
1,62002, 6.77774
62002,1, 6.77774
8,62001, 9.94648
62001,8, 9.94648
3,63006, 4.81227
63006,3, 4.81227
6,63014, 8.39665
63014,6, 8.39665
7,63005, 0.549086
63005,7, 0.549086
8,63016, 3.41071
63016,8, 3.41071
9,63007, 0.770247
63007,9, 0.770247
2,64016, 6.49536
64016,2, 6.49536
3,64012, 2.79407
64012,3, 2.79407
7,64018, 0.118534
64018,7, 0.118534
8,64019, 8.92715
64019,8, 8.92715
9,64020, 3.45797
64020,9, 3.45797
10,64021, 9.71632
64021,10, 9.71632
2,65002, 1.87929
65002,2, 1.87929
3,65008, 4.09216
65008,3, 4.09216
7,65006, 6.35713
65006,7, 6.35713
9,65009, 3.48793
65009,9, 3.48793
10,65003, 5.92644
65003,10, 5.92644
1,66002, 2.09884
66002,1, 2.09884
3,66002, 6.47126
66002,3, 6.47126
3,66006, 2.84394
66006,3, 2.84394
4,66011, 8.43749
66011,4, 8.43749
5,66016, 9.53262
66016,5, 9.53262
6,66014, 8.76268
66014,6, 8.76268
7,66012, 5.33541
66012,7, 5.33541
9,66012, 7.04459
66012,9, 7.04459
9,66017, 8.1009
66017,9, 8.1009
3,67004, 9.19326
67004,3, 9.19326
1,69007, 3.4293
69007,1, 3.4293
2,69002, 2.87313
69002,2, 2.87313
1,70001, 4.35958
70001,1, 4.35958
2,70004, 6.19303
70004,2, 6.19303
1004,2015, 0.996152
2015,1004, 0.996152
1005,2004, 4.70275
2004,1005, 4.70275
1006,2019, 1.58959
2019,1006, 1.58959
1007,2013, 4.83884
2013,1007, 4.83884
1007,2014, 5.00981
2014,1007, 5.00981
1008,2018, 7.51384
2018,1008, 7.51384
1009,2007, 3.02086
2007,1009, 3.02086
1010,2013, 5.21444
2013,1010, 5.21444
1010,2014, 5.39954
2014,1010, 5.39954
1001,3002, 0.817742
3002,1001, 0.817742
1003,3003, 9.40859
3003,1003, 9.40859
1004,3004, 1.22192
3004,1004, 1.22192
1004,3007, 0.218181
3007,1004, 0.218181
1005,3005, 1.84999
3005,1005, 1.84999
1006,3006, 2.80781
3006,1006, 2.80781
1007,3004, 1.45372
3004,1007, 1.45372
1007,3007, 0.468766
3007,1007, 0.468766
1008,3008, 0.0475948
3008,1008, 0.0475948
1005,4001, 9.49848
4001,1005, 9.49848
1007,4009, 0.695344
4009,1007, 0.695344
1007,4010, 2.18664
4010,1007, 2.18664
1008,4014, 6.69776
4014,1008, 6.69776
1009,4003, 0.201508
4003,1009, 0.201508
1010,4009, 6.5306
4009,1010, 6.5306
1007,5003, 0.997046
5003,1007, 0.997046
1008,5006, 7.0971
5006,1008, 7.0971
1009,5007, 4.20331
5007,1009, 4.20331
1010,5009, 2.69164
5009,1010, 2.69164
1001,6018, 5.28538
6018,1001, 5.28538
1001,6019, 2.01404
6019,1001, 2.01404
1006,6018, 6.847
6018,1006, 6.847
1006,6020, 3.8121
6020,1006, 3.8121
1006,6021, 0.840236
6021,1006, 0.840236
1008,6019, 9.88318
6019,1008, 9.88318
1009,6001, 1.11523
6001,1009, 1.11523
1010,6017, 6.97424
6017,1010, 6.97424
1009,7004, 6.69709
7004,1009, 6.69709
1010,7002, 2.85792
7002,1010, 2.85792
1001,8017, 7.00512
8017,1001, 7.00512
1001,8018, 8.32216
8018,1001, 8.32216
1002,8013, 2.81076
8013,1002, 2.81076
1006,8016, 5.50967
8016,1006, 5.50967
1006,8019, 2.45511
8019,1006, 2.45511
1007,8014, 4.23652
8014,1007, 4.23652
1008,8017, 5.11363
8017,1008, 5.11363
1008,8018, 6.59135
8018,1008, 6.59135
1010,8015, 0.467146
8015,1010, 0.467146
1010,10011, 4.56974
10011,1010, 4.56974
1010,12009, 3.38497
12009,1010, 3.38497
1001,14010, 1.73111
14010,1001, 1.73111
1006,14010, 6.61621
14010,1006, 6.61621
1008,14011, 0.754353
14011,1008, 0.754353
1010,14009, 7.89962
14009,1010, 7.89962
1008,16011, 3.13706
16011,1008, 3.13706
1008,16012, 4.56093
16012,1008, 4.56093
1008,16014, 0.370884
16014,1008, 0.370884
1006,17003, 5.67587
17003,1006, 5.67587
1006,17007, 4.32914
17007,1006, 4.32914
1009,17005, 7.42171
17005,1009, 7.42171
1001,18016, 9.57097
18016,1001, 9.57097
1001,18017, 6.50762
18017,1001, 6.50762
1001,18018, 5.84198
18018,1001, 5.84198
1001,18019, 8.09365
18019,1001, 8.09365
1001,18020, 9.18804
18020,1001, 9.18804
1006,18017, 4.74273
18017,1006, 4.74273
1006,18018, 6.17577
18018,1006, 6.17577
1007,18012, 9.1638
18012,1007, 9.1638
1008,18016, 2.55149
18016,1008, 2.55149
1008,18019, 2.10237
18019,1008, 2.10237
1008,18020, 4.05003
18020,1008, 4.05003
1010,18011, 5.18388
18011,1010, 5.18388
1007,19002, 6.14116
19002,1007, 6.14116
1007,20018, 9.722
20018,1007, 9.722
1007,20019, 6.69652
20019,1007, 6.69652
1008,20020, 6.79803
20020,1008, 6.79803
1008,20021, 7.70261
20021,1008, 7.70261
1008,20022, 5.97743
20022,1008, 5.97743
1008,20023, 7.79441
20023,1008, 7.79441
1009,20007, 7.66844
20007,1009, 7.66844
1009,20014, 3.94155
20014,1009, 3.94155
1010,20018, 9.81934
20018,1010, 9.81934
1001,21009, 4.41235
21009,1001, 4.41235
1004,21012, 5.03257
21012,1004, 5.03257
1007,21008, 2.61495
21008,1007, 2.61495
1008,21009, 0.81557
21009,1008, 0.81557
1009,21005, 1.11326
21005,1009, 1.11326
1009,21010, 6.2138
21010,1009, 6.2138
1009,21013, 5.8682
21013,1009, 5.8682
1010,21012, 5.5136
21012,1010, 5.5136
1001,22012, 2.80482
22012,1001, 2.80482
1001,22014, 9.9992
22014,1001, 9.9992
1001,22015, 6.4648
22015,1001, 6.4648
1004,22007, 6.94642
22007,1004, 6.94642
1006,22012, 4.09463
22012,1006, 4.09463
1007,22006, 7.01014
22006,1007, 7.01014
1009,22002, 0.845257
22002,1009, 0.845257
1009,22004, 0.625776
22004,1009, 0.625776
1010,22005, 8.15173
22005,1010, 8.15173
1001,23005, 8.22896
23005,1001, 8.22896
1004,23001, 4.14015
23001,1004, 4.14015
1004,23009, 2.50195
23009,1004, 2.50195
1005,23016, 8.84166
23016,1005, 8.84166
1006,23003, 3.43839
23003,1006, 3.43839
1007,23004, 3.48708
23004,1007, 3.48708
1008,23005, 7.8034
23005,1008, 7.8034
1009,23002, 2.80713
23002,1009, 2.80713
1009,23006, 0.357238
23006,1009, 0.357238
1009,23010, 6.45708
23010,1009, 6.45708
1010,23001, 8.6966
23001,1010, 8.6966
1010,23009, 5.04707
23009,1010, 5.04707
1004,24005, 5.41799
24005,1004, 5.41799
1005,24002, 4.27772
24002,1005, 4.27772
1006,24006, 1.83642
24006,1006, 1.83642
1006,24007, 7.7657
24007,1006, 7.7657
1007,24004, 0.339631
24004,1007, 0.339631
1008,24008, 3.70072
24008,1008, 3.70072
1009,24001, 3.39893
24001,1009, 3.39893
1009,24003, 9.07632
24003,1009, 9.07632
1001,25001, 5.61731
25001,1001, 5.61731
1004,25002, 0.335233
25002,1004, 0.335233
1005,25003, 5.73469
25003,1005, 5.73469
1005,25007, 5.25285
25007,1005, 5.25285
1006,25001, 1.20412
25001,1006, 1.20412
1006,25004, 3.98532
25004,1006, 3.98532
1007,25005, 2.70306
25005,1007, 2.70306
1008,25006, 3.35151
25006,1008, 3.35151
1009,25003, 0.413242
25003,1009, 0.413242
1009,25007, 3.81927
25007,1009, 3.81927
1010,25002, 7.83621
25002,1010, 7.83621
1001,26006, 6.64782
26006,1001, 6.64782
1003,26001, 9.49098
26001,1003, 9.49098
1004,26005, 2.94975
26005,1004, 2.94975
1005,26002, 2.3388
26002,1005, 2.3388
1006,26007, 2.93657
26007,1006, 2.93657
1007,26004, 6.49256
26004,1007, 6.49256
1008,26006, 8.25983
26006,1008, 8.25983
1010,26004, 2.10074
26004,1010, 2.10074
1001,27002, 1.70578
27002,1001, 1.70578
1004,27004, 0.338162
27004,1004, 0.338162
1005,27005, 2.81463
27005,1005, 2.81463
1006,27006, 0.821932
27006,1006, 0.821932
1003,29007, 5.72475
29007,1003, 5.72475
1004,29008, 0.307642
29008,1004, 0.307642
1005,29009, 0.55786
29009,1005, 0.55786
1006,29010, 1.68922
29010,1006, 1.68922
1007,29011, 1.6874
29011,1007, 1.6874
1008,29012, 3.27771
29012,1008, 3.27771
1003,30007, 6.32735
30007,1003, 6.32735
1003,31003, 2.29059
31003,1003, 2.29059
1004,31005, 4.08661
31005,1004, 4.08661
1005,31007, 3.65592
31007,1005, 3.65592
1006,31006, 5.88055
31006,1006, 5.88055
1006,31009, 6.22981
31009,1006, 6.22981
1001,33002, 1.85145
33002,1001, 1.85145
1004,33006, 5.45932
33006,1004, 5.45932
1005,33008, 9.28823
33008,1005, 9.28823
1006,33009, 7.87202
33009,1006, 7.87202
1004,34012, 7.21672
34012,1004, 7.21672
1010,34009, 2.59486
34009,1010, 2.59486
1005,35002, 5.15369
35002,1005, 5.15369
1006,35003, 3.55827
35003,1006, 3.55827
1007,35009, 2.55908
35009,1007, 2.55908
1008,35001, 6.70005
35001,1008, 6.70005
1008,35010, 1.43871
35010,1008, 1.43871
1009,35011, 4.41139
35011,1009, 4.41139
1010,35013, 7.76087
35013,1010, 7.76087
1003,36013, 0.763985
36013,1003, 0.763985
1004,36016, 5.72109
36016,1004, 5.72109
1005,36010, 7.50432
36010,1005, 7.50432
1007,36015, 8.475
36015,1007, 8.475
1009,36003, 2.96214
36003,1009, 2.96214
1010,36014, 2.43352
36014,1010, 2.43352
1005,37001, 3.82543
37001,1005, 3.82543
1007,37003, 5.34438
37003,1007, 5.34438
1008,37005, 5.07498
37005,1008, 5.07498
1009,37007, 9.24829
37007,1009, 9.24829
1003,38009, 0.0998571
38009,1003, 0.0998571
1008,38016, 4.86013
38016,1008, 4.86013
1009,38001, 5.87874
38001,1009, 5.87874
1010,38012, 0.81605
38012,1010, 0.81605
1010,38019, 1.05451
38019,1010, 1.05451
1009,42006, 2.30905
42006,1009, 2.30905
1009,42016, 8.55137
42016,1009, 8.55137
1005,43013, 7.34283
43013,1005, 7.34283
1010,44019, 5.48839
44019,1010, 5.48839
1009,46001, 6.34418
46001,1009, 6.34418
1005,49009, 8.80627
49009,1005, 8.80627
1003,54006, 7.60388
54006,1003, 7.60388
1007,54016, 6.76642
54016,1007, 6.76642
1010,54015, 4.47008
54015,1010, 4.47008
1009,56008, 5.48534
56008,1009, 5.48534
1009,56009, 7.88044
56009,1009, 7.88044
1003,58006, 9.73016
58006,1003, 9.73016
1007,58017, 5.29572
58017,1007, 5.29572
1010,58016, 0.362134
58016,1010, 0.362134
1003,59014, 3.1364
59014,1003, 3.1364
1003,59015, 8.29847
59015,1003, 8.29847
1010,59003, 4.11769
59003,1010, 4.11769
1009,60008, 5.52122
60008,1009, 5.52122
1010,60016, 3.82064
60016,1010, 3.82064
1004,61019, 0.330668
61019,1004, 0.330668
1006,61021, 9.78437
61021,1006, 9.78437
1007,61017, 8.79669
61017,1007, 8.79669
1008,61019, 0.0777676
61019,1008, 0.0777676
1009,61006, 5.72066
61006,1009, 5.72066
1010,61013, 0.901113
61013,1010, 0.901113
1008,62001, 5.94472
62001,1008, 5.94472
1009,62003, 8.30527
62003,1009, 8.30527
1010,62009, 4.31397
62009,1010, 4.31397
1003,63018, 1.57187
63018,1003, 1.57187
1004,63005, 8.08513
63005,1004, 8.08513
1006,63007, 5.61272
63007,1006, 5.61272
1007,63014, 8.71619
63014,1007, 8.71619
1010,63022, 8.43516
63022,1010, 8.43516
1001,64021, 2.08786
64021,1001, 2.08786
1001,65003, 1.18311
65003,1001, 1.18311
1004,65002, 4.39356
65002,1004, 4.39356
1004,65006, 8.59062
65006,1004, 8.59062
1001,66015, 2.20644
66015,1001, 2.20644
1008,66010, 1.63954
66010,1008, 1.63954
1001,67002, 1.60772
67002,1001, 1.60772
1003,67004, 1.97337
67004,1003, 1.97337
1004,67006, 1.75468
67006,1004, 1.75468
1005,67008, 2.54813
67008,1005, 2.54813
1006,67009, 2.59003
67009,1006, 2.59003
1007,67018, 7.51491
67018,1007, 7.51491
1008,67021, 9.70235
67021,1008, 9.70235
2001,3003, 5.89043
3003,2001, 5.89043
2002,3003, 4.73497
3003,2002, 4.73497
2004,3005, 8.14285
3005,2004, 8.14285
2014,3007, 3.95254
3007,2014, 3.95254
2015,3004, 9.13885
3004,2015, 9.13885
2018,3008, 2.40398
3008,2018, 2.40398
2020,3002, 4.30474
3002,2020, 4.30474
2002,4005, 6.93056
4005,2002, 6.93056
2003,4004, 3.99457
4004,2003, 3.99457
2003,4005, 0.995178
4005,2003, 0.995178
2004,4001, 2.38319
4001,2004, 2.38319
2004,4002, 1.34565
4002,2004, 1.34565
2005,4003, 0.616861
4003,2005, 0.616861
2006,4001, 7.78928
4001,2006, 7.78928
2006,4002, 3.2179
4002,2006, 3.2179
2007,4003, 6.10569
4003,2007, 6.10569
2008,4004, 7.9547
4004,2008, 7.9547
2008,4005, 2.3521
4005,2008, 2.3521
2009,4005, 8.35857
4005,2009, 8.35857
2012,4008, 4.20675
4008,2012, 4.20675
2013,4009, 0.116829
4009,2013, 0.116829
2014,4010, 4.3253
4010,2014, 4.3253
2016,4012, 4.98262
4012,2016, 4.98262
2017,4013, 4.20082
4013,2017, 4.20082
2018,4014, 1.44648
4014,2018, 1.44648
2005,5017, 5.23167
5017,2005, 5.23167
2006,5001, 9.88092
5001,2006, 9.88092
2007,5002, 8.06625
5002,2007, 8.06625
2010,5007, 5.618
5007,2010, 5.618
2013,5009, 8.3352
5009,2013, 8.3352
2014,5003, 8.07307
5003,2014, 8.07307
2016,5011, 2.95281
5011,2016, 2.95281
2017,5008, 2.20507
5008,2017, 2.20507
2018,5006, 2.94273
5006,2018, 2.94273
2007,6001, 9.71267
6001,2007, 9.71267
2008,6004, 0.935953
6004,2008, 0.935953
2009,6001, 5.31008
6001,2009, 5.31008
2012,6015, 3.75694
6015,2012, 3.75694
2013,6016, 4.6734
6016,2013, 4.6734
2013,6017, 1.6508
6017,2013, 1.6508
2015,6016, 6.62342
6016,2015, 6.62342
2016,6021, 9.78998
6021,2016, 9.78998
2017,6021, 4.04722
6021,2017, 4.04722
2018,6021, 1.38858
6021,2018, 1.38858
2002,7013, 4.56722
7013,2002, 4.56722
2002,7014, 7.13204
7014,2002, 7.13204
2002,7015, 8.72215
7015,2002, 8.72215
2004,7009, 7.4466
7009,2004, 7.4466
2009,7004, 8.49472
7004,2009, 8.49472
2013,7002, 8.14807
7002,2013, 8.14807
2016,7005, 7.97426
7005,2016, 7.97426
2016,7012, 5.57768
7012,2016, 5.57768
2017,7001, 1.00808
7001,2017, 1.00808
2017,7005, 6.2471
7005,2017, 6.2471
2002,8005, 1.24702
8005,2002, 1.24702
2005,8001, 2.61528
8001,2005, 2.61528
2007,8004, 6.34893
8004,2007, 6.34893
2008,8004, 9.68658
8004,2008, 9.68658
2012,8013, 7.66103
8013,2012, 7.66103
2013,8014, 6.38294
8014,2013, 6.38294
2015,8014, 8.65519
8014,2015, 8.65519
2016,8019, 2.10152
8019,2016, 2.10152
2018,8019, 4.92827
8019,2018, 4.92827
2016,9001, 1.82147
9001,2016, 1.82147
2016,9016, 9.6992
9016,2016, 9.6992
2017,9001, 5.94565
9001,2017, 5.94565
2017,9016, 5.2424
9016,2017, 5.2424
2019,9007, 6.74614
9007,2019, 6.74614
2019,9016, 0.359992
9016,2019, 0.359992
2020,9007, 1.67576
9007,2020, 1.67576
2020,9016, 6.11094
9016,2020, 6.11094
2004,10005, 8.09138
10005,2004, 8.09138
2005,10003, 3.74571
10003,2005, 3.74571
2005,10004, 2.5807
10004,2005, 2.5807
2006,10005, 8.02612
10005,2006, 8.02612
2016,10012, 7.48324
10012,2016, 7.48324
2017,10012, 4.53563
10012,2017, 4.53563
2017,10014, 8.60727
10014,2017, 8.60727
2018,10013, 4.13668
10013,2018, 4.13668
2019,10012, 7.61766
10012,2019, 7.61766
2020,10012, 4.3388
10012,2020, 4.3388
2020,10014, 8.26704
10014,2020, 8.26704
2002,11006, 1.17248
11006,2002, 1.17248
2009,12005, 3.20886
12005,2009, 3.20886
2017,12010, 6.98804
12010,2017, 6.98804
2020,12010, 6.25381
12010,2020, 6.25381
2002,13005, 5.54021
13005,2002, 5.54021
2005,13003, 7.11548
13003,2005, 7.11548
2006,14003, 9.44125
14003,2006, 9.44125
2009,14003, 0.0192361
14003,2009, 0.0192361
2012,14007, 2.75683
14007,2012, 2.75683
2013,14009, 9.36242
14009,2013, 9.36242
2015,14009, 7.31837
14009,2015, 7.31837
2018,14010, 2.06944
14010,2018, 2.06944
2003,15001, 6.56039
15001,2003, 6.56039
2016,15003, 8.99704
15003,2016, 8.99704
2016,15009, 3.00146
15009,2016, 3.00146
2017,15003, 4.93517
15003,2017, 4.93517
2017,15009, 7.90356
15009,2017, 7.90356
2019,15003, 3.70876
15003,2019, 3.70876
2019,15009, 9.38367
15009,2019, 9.38367
2020,15003, 2.02511
15003,2020, 2.02511
2004,16005, 9.38536
16005,2004, 9.38536
2006,16005, 4.13539
16005,2006, 4.13539
2009,16005, 0.0570231
16005,2009, 0.0570231
2012,16009, 1.66945
16009,2012, 1.66945
2013,16010, 8.03344
16010,2013, 8.03344
2015,16010, 5.52903
16010,2015, 5.52903
2007,17001, 4.69741
17001,2007, 4.69741
2009,17001, 1.16271
17001,2009, 1.16271
2012,17002, 1.39785
17002,2012, 1.39785
2017,17012, 9.66309
17012,2017, 9.66309
2018,17003, 8.94191
17003,2018, 8.94191
2018,17007, 1.60131
17007,2018, 1.60131
2004,18002, 8.14851
18002,2004, 8.14851
2004,18006, 3.96988
18006,2004, 3.96988
2006,18006, 8.75035
18006,2006, 8.75035
2007,18002, 9.88009
18002,2007, 9.88009
2007,18003, 2.92489
18003,2007, 2.92489
2008,18003, 6.46698
18003,2008, 6.46698
2009,18002, 7.1171
18002,2009, 7.1171
2009,18006, 4.81299
18006,2009, 4.81299
2012,18010, 1.9067
18010,2012, 1.9067
2013,18012, 6.73416
18012,2013, 6.73416
2014,18013, 6.69064
18013,2014, 6.69064
2014,18014, 1.48666
18014,2014, 1.48666
2016,18017, 5.22863
18017,2016, 5.22863
2017,18017, 5.71221
18017,2017, 5.71221
2018,18016, 1.91584
18016,2018, 1.91584
2018,18018, 6.57515
18018,2018, 6.57515
2005,19003, 9.64296
19003,2005, 9.64296
2008,19003, 7.34518
19003,2008, 7.34518
2012,19004, 8.80454
19004,2012, 8.80454
2015,19002, 5.39543
19002,2015, 5.39543
2016,19001, 1.45701
19001,2016, 1.45701
2017,19001, 4.90268
19001,2017, 4.90268
2019,19001, 4.03054
19001,2019, 4.03054
2020,19001, 8.30506
19001,2020, 8.30506
2002,20008, 4.27014
20008,2002, 4.27014
2004,20014, 0.0594148
20014,2004, 0.0594148
2005,20003, 4.56321
20003,2005, 4.56321
2007,20002, 5.60445
20002,2007, 5.60445
2007,20007, 3.17901
20007,2007, 3.17901
2008,20002, 8.61348
20002,2008, 8.61348
2008,20003, 8.40726
20003,2008, 8.40726
2008,20012, 1.70673
20012,2008, 1.70673
2008,20013, 1.7568
20013,2008, 1.7568
2009,20007, 7.70233
20007,2009, 7.70233
2012,20015, 8.96861
20015,2012, 8.96861
2013,20018, 3.55214
20018,2013, 3.55214
2014,20019, 2.55817
20019,2014, 2.55817
2016,20020, 8.07782
20020,2016, 8.07782
2016,20021, 5.56129
20021,2016, 5.56129
2017,20021, 9.7681
20021,2017, 9.7681
2018,20020, 1.5671
20020,2018, 1.5671
2018,20021, 1.85387
20021,2018, 1.85387
2018,20022, 7.38149
20022,2018, 7.38149
2002,21013, 9.86002
21013,2002, 9.86002
2003,21013, 8.5539
21013,2003, 8.5539
2007,21004, 0.6938
21004,2007, 0.6938
2007,21010, 0.661053
21010,2007, 0.661053
2008,21016, 7.06894
21016,2008, 7.06894
2009,21010, 9.66551
21010,2009, 9.66551
2013,21012, 1.28405
21012,2013, 1.28405
2014,21008, 1.93353
21008,2014, 1.93353
2016,21011, 5.5052
21011,2016, 5.5052
2016,21014, 7.98054
21014,2016, 7.98054
2017,21011, 3.18162
21011,2017, 3.18162
2017,21014, 5.44966
21014,2017, 5.44966
2018,21009, 4.335
21009,2018, 4.335
2019,21011, 9.3558
21011,2019, 9.3558
2020,21011, 7.71787
21011,2020, 7.71787
2004,22003, 8.5463
22003,2004, 8.5463
2005,22002, 9.74879
22002,2005, 9.74879
2006,22003, 1.8701
22003,2006, 1.8701
2007,22002, 6.63873
22002,2007, 6.63873
2009,22002, 4.14498
22002,2009, 4.14498
2013,22005, 1.14269
22005,2013, 1.14269
2013,22007, 1.8001
22007,2013, 1.8001
2014,22006, 1.53614
22006,2014, 1.53614
2015,22007, 5.96953
22007,2015, 5.96953
2016,22013, 6.69275
22013,2016, 6.69275
2016,22014, 0.533897
22014,2016, 0.533897
2018,22013, 6.71522
22013,2018, 6.71522
2018,22014, 0.560559
22014,2018, 0.560559
2019,22012, 3.59551
22012,2019, 3.59551
2007,23006, 7.22297
23006,2007, 7.22297
2013,23009, 5.06059
23009,2013, 5.06059
2014,23001, 9.48293
23001,2014, 9.48293
2014,23004, 2.73097
23004,2014, 2.73097
2015,23001, 2.27081
23001,2015, 2.27081
2016,23003, 8.66162
23003,2016, 8.66162
2016,23008, 8.42412
23008,2016, 8.42412
2016,23012, 6.43237
23012,2016, 6.43237
2017,23008, 5.35651
23008,2017, 5.35651
2017,23012, 3.07521
23012,2017, 3.07521
2018,23005, 0.231893
23005,2018, 0.231893
2019,23003, 3.66812
23003,2019, 3.66812
2020,23003, 4.95866
23003,2020, 4.95866
2003,24001, 8.09672
24001,2003, 8.09672
2004,24002, 0.79884
24002,2004, 0.79884
2014,24004, 7.43315
24004,2014, 7.43315
2015,24005, 4.54095
24005,2015, 4.54095
2018,24008, 8.48808
24008,2018, 8.48808
2019,24007, 6.63875
24007,2019, 6.63875
2004,25003, 2.11875
25003,2004, 2.11875
2015,25002, 1.96354
25002,2015, 1.96354
2015,25005, 8.93924
25005,2015, 8.93924
2019,25004, 4.38756
25004,2019, 4.38756
2020,25001, 0.474914
25001,2020, 0.474914
2001,26001, 2.90223
26001,2001, 2.90223
2004,26002, 2.7605
26002,2004, 2.7605
2006,26002, 7.23411
26002,2006, 7.23411
2013,26004, 3.09721
26004,2013, 3.09721
2015,26005, 1.99785
26005,2015, 1.99785
2019,26007, 1.06893
26007,2019, 1.06893
2001,27003, 3.24884
27003,2001, 3.24884
2002,27005, 7.61129
27005,2002, 7.61129
2004,27005, 5.28059
27005,2004, 5.28059
2015,27004, 1.57763
27004,2015, 1.57763
2019,27006, 2.2624
27006,2019, 2.2624
2020,27002, 8.56085
27002,2020, 8.56085
2004,28004, 3.51251
28004,2004, 3.51251
2015,28008, 5.42655
28008,2015, 5.42655
2019,28010, 7.97359
28010,2019, 7.97359
2001,29007, 2.29279
29007,2001, 2.29279
2004,29009, 7.85618
29009,2004, 7.85618
2014,29011, 6.52806
29011,2014, 6.52806
2015,29008, 6.11555
29008,2015, 6.11555
2018,29012, 5.32331
29012,2018, 5.32331
2019,29010, 9.65922
29010,2019, 9.65922
2001,30004, 1.16368
30004,2001, 1.16368
2009,30013, 1.42611
30013,2009, 1.42611
2018,30013, 8.18852
30013,2018, 8.18852
2004,31007, 5.84582
31007,2004, 5.84582
2015,31005, 3.08191
31005,2015, 3.08191
2019,31009, 3.65012
31009,2019, 3.65012
2001,32001, 9.92649
32001,2001, 9.92649
2003,32007, 5.30778
32007,2003, 5.30778
2004,32006, 5.93408
32006,2004, 5.93408
2005,32007, 0.881246
32007,2005, 0.881246
2005,32009, 5.17656
32009,2005, 5.17656
2008,32024, 0.965385
32024,2008, 0.965385
2015,32019, 8.19654
32019,2015, 8.19654
2019,32023, 6.56674
32023,2019, 6.56674
2001,33004, 1.99494
33004,2001, 1.99494
2003,33015, 7.99364
33015,2003, 7.99364
2003,33016, 4.64262
33016,2003, 4.64262
2003,33017, 1.30912
33017,2003, 1.30912
2005,33016, 8.27066
33016,2005, 8.27066
2005,33017, 4.93467
33017,2005, 4.93467
2019,33007, 4.68599
33007,2019, 4.68599
2007,34008, 4.3741
34008,2007, 4.3741
2008,34011, 7.04306
34011,2008, 7.04306
2009,34013, 8.2452
34013,2009, 8.2452
2010,34021, 3.4608
34021,2010, 3.4608
2011,34016, 7.87004
34016,2011, 7.87004
2012,34015, 8.41715
34015,2012, 8.41715
2013,34017, 8.57391
34017,2013, 8.57391
2014,34014, 5.16488
34014,2014, 5.16488
2018,34019, 8.41493
34019,2018, 8.41493
2003,35007, 4.94838
35007,2003, 4.94838
2006,35007, 9.23527
35007,2006, 9.23527
2008,35013, 5.76691
35013,2008, 5.76691
2011,35015, 8.55414
35015,2011, 8.55414
2004,36005, 8.53749
36005,2004, 8.53749
2011,36013, 7.90344
36013,2011, 7.90344
2014,36015, 7.65316
36015,2014, 7.65316
2018,36019, 8.10218
36019,2018, 8.10218
2005,38017, 2.498
38017,2005, 2.498
2008,38019, 1.52701
38019,2008, 1.52701
2011,38008, 5.48666
38008,2011, 5.48666
2007,39004, 7.24218
39004,2007, 7.24218
2010,39009, 7.59382
39009,2010, 7.59382
2002,40020, 7.11898
40020,2002, 7.11898
2008,41006, 3.26481
41006,2008, 3.26481
2012,41015, 2.07432
41015,2012, 2.07432
2001,42017, 5.81287
42017,2001, 5.81287
2011,42018, 3.28956
42018,2011, 3.28956
2008,43004, 8.8773
43004,2008, 8.8773
2008,43013, 9.81542
43013,2008, 9.81542
2009,44010, 2.19358
44010,2009, 2.19358
2009,44013, 1.93958
44013,2009, 1.93958
2004,45003, 4.9426
45003,2004, 4.9426
2012,45002, 9.01029
45002,2012, 9.01029
2005,47009, 6.56431
47009,2005, 6.56431
2018,51003, 1.633
51003,2018, 1.633
2001,54008, 5.26631
54008,2001, 5.26631
2001,54009, 2.01683
54009,2001, 2.01683
2003,54013, 9.08752
54013,2003, 9.08752
2011,55002, 1.76112
55002,2011, 1.76112
2012,55002, 3.95767
55002,2012, 3.95767
2001,57002, 6.54491
57002,2001, 6.54491
2007,58013, 5.64051
58013,2007, 5.64051
2011,58011, 9.22027
58011,2011, 9.22027
2012,59004, 9.46392
59004,2012, 9.46392
2005,60014, 1.58656
60014,2005, 1.58656
2006,60009, 5.878
60009,2006, 5.878
2007,60008, 1.54209
60008,2007, 1.54209
2013,60016, 8.78286
60016,2013, 8.78286
2014,60017, 3.4369
60017,2014, 3.4369
2016,60018, 3.63219
60018,2016, 3.63219
2017,60019, 1.71036
60019,2017, 1.71036
2018,60020, 5.40202
60020,2018, 5.40202
2003,61010, 2.79603
61010,2003, 2.79603
2004,61015, 0.569124
61015,2004, 0.569124
2005,61012, 9.24048
61012,2005, 9.24048
2007,61006, 9.13143
61006,2007, 9.13143
2007,61007, 4.99761
61007,2007, 4.99761
2011,61002, 3.30942
61002,2011, 3.30942
2011,61004, 1.27134
61004,2011, 1.27134
2014,61017, 6.5751
61017,2014, 6.5751
2018,61020, 6.17934
61020,2018, 6.17934
2002,62001, 7.23885
62001,2002, 7.23885
2011,62010, 3.90417
62010,2011, 3.90417
2002,63002, 6.4262
63002,2002, 6.4262
2003,63010, 2.65879
63010,2003, 2.65879
2004,63006, 1.95133
63006,2004, 1.95133
2005,63009, 9.15411
63009,2005, 9.15411
2007,63017, 6.3744
63017,2007, 6.3744
2007,63018, 4.64442
63018,2007, 4.64442
2014,63014, 8.38279
63014,2014, 8.38279
2015,63005, 1.743
63005,2015, 1.743
2016,63012, 6.99082
63012,2016, 6.99082
2018,63016, 8.48407
63016,2018, 8.48407
2019,63007, 3.79394
63007,2019, 3.79394
2002,64009, 5.26756
64009,2002, 5.26756
2003,64006, 3.43049
64006,2003, 3.43049
2004,64012, 7.50772
64012,2004, 7.50772
2005,64007, 0.139285
64007,2005, 0.139285
2014,64017, 0.548175
64017,2014, 0.548175
2015,64018, 6.81838
64018,2015, 6.81838
2018,64019, 1.80787
64019,2018, 1.80787
2019,64020, 7.53373
64020,2019, 7.53373
2001,65004, 5.10937
65004,2001, 5.10937
2002,65001, 5.14438
65001,2002, 5.14438
2004,65008, 4.91415
65008,2004, 4.91415
2014,65015, 5.72175
65015,2014, 5.72175
2015,65006, 4.2925
65006,2015, 4.2925
2019,65009, 3.99249
65009,2019, 3.99249
2004,66006, 6.01118
66006,2004, 6.01118
2014,66011, 9.47609
66011,2014, 9.47609
2015,66012, 7.84182
66012,2015, 7.84182
2019,66017, 7.7568
66017,2019, 7.7568
2001,67004, 0.0706905
67004,2001, 0.0706905
2003,67015, 2.02188
67015,2003, 2.02188
2005,67016, 4.75209
67016,2005, 4.75209
2007,67020, 2.16774
67020,2007, 2.16774
2014,67018, 0.021873
67018,2014, 0.021873
3005,4001, 6.34365
4001,3005, 6.34365
3007,4010, 2.58795
4010,3007, 2.58795
3008,4014, 9.8684
4014,3008, 9.8684
3001,5016, 8.68581
5016,3001, 8.68581
3005,5001, 2.32892
5001,3005, 2.32892
3007,5003, 1.01664
5003,3007, 1.01664
3001,6002, 6.14517
6002,3001, 6.14517
3004,7017, 1.00245
7017,3004, 1.00245
3001,8005, 3.00575
8005,3001, 3.00575
3007,9015, 7.66103
9015,3007, 7.66103
3001,10003, 9.37498
10003,3001, 9.37498
3004,11002, 6.39796
11002,3004, 6.39796
3001,13003, 5.28733
13003,3001, 5.28733
3005,13005, 0.913541
13005,3005, 0.913541
3001,16005, 0.392165
16005,3001, 0.392165
3005,16001, 6.75248
16001,3005, 6.75248
3007,18012, 1.72997
18012,3007, 1.72997
3008,18016, 5.71007
18016,3008, 5.71007
3008,18017, 8.86476
18017,3008, 8.86476
3008,19001, 1.33683
19001,3008, 1.33683
3005,20003, 1.54528
20003,3005, 1.54528
3005,20007, 9.42634
20007,3005, 9.42634
3007,20018, 4.98892
20018,3007, 4.98892
3007,20019, 6.86038
20019,3007, 6.86038
3008,20020, 8.44141
20020,3008, 8.44141
3005,21005, 2.07675
21005,3005, 2.07675
3005,21010, 9.22029
21010,3005, 9.22029
3007,21008, 2.84084
21008,3007, 2.84084
3008,21009, 2.98137
21009,3008, 2.98137
3008,21011, 3.28175
21011,3008, 3.28175
3001,22004, 1.63549
22004,3001, 1.63549
3004,22007, 6.22055
22007,3004, 6.22055
3005,22002, 4.3025
22002,3005, 4.3025
3006,22011, 6.84168
22011,3006, 6.84168
3006,22012, 2.39095
22012,3006, 2.39095
3007,22006, 6.84074
22006,3007, 6.84074
3004,23001, 3.71495
23001,3004, 3.71495
3006,23003, 3.72648
23003,3006, 3.72648
3007,23004, 3.51372
23004,3007, 3.51372
3001,24003, 6.34526
24003,3001, 6.34526
3002,24006, 8.2443
24006,3002, 8.2443
3004,24005, 3.86136
24005,3004, 3.86136
3005,24002, 3.16135
24002,3005, 3.16135
3006,24007, 3.8045
24007,3006, 3.8045
3007,24004, 0.332019
24004,3007, 0.332019
3008,24008, 4.39752
24008,3008, 4.39752
3002,25001, 4.98989
25001,3002, 4.98989
3004,25002, 1.24463
25002,3004, 1.24463
3005,25003, 3.26731
25003,3005, 3.26731
3006,25004, 5.89513
25004,3006, 5.89513
3007,25005, 2.74592
25005,3007, 2.74592
3008,25006, 0.460768
25006,3008, 0.460768
3001,26003, 2.55994
26003,3001, 2.55994
3002,26006, 2.10129
26006,3002, 2.10129
3003,26001, 3.12831
26001,3003, 3.12831
3004,26005, 0.244129
26005,3004, 0.244129
3005,26002, 0.896982
26002,3005, 0.896982
3006,26007, 3.51438
26007,3006, 3.51438
3007,26004, 9.90947
26004,3007, 9.90947
3001,27001, 2.56146
27001,3001, 2.56146
3002,27002, 0.504707
27002,3002, 0.504707
3003,27003, 4.3472
27003,3003, 4.3472
3004,27004, 0.96963
27004,3004, 0.96963
3005,27005, 0.789789
27005,3005, 0.789789
3006,27006, 4.19264
27006,3006, 4.19264
3003,28001, 5.21071
28001,3003, 5.21071
3005,28004, 8.03474
28004,3005, 8.03474
3002,29003, 8.83067
29003,3002, 8.83067
3003,29007, 7.84942
29007,3003, 7.84942
3004,29008, 0.344654
29008,3004, 0.344654
3005,29009, 2.64936
29009,3005, 2.64936
3006,29010, 2.23856
29010,3006, 2.23856
3007,29011, 7.52249
29011,3007, 7.52249
3003,31003, 7.17957
31003,3003, 7.17957
3004,31005, 8.30488
31005,3004, 8.30488
3005,31007, 4.28194
31007,3005, 4.28194
3001,32002, 8.39906
32002,3001, 8.39906
3002,33002, 1.43507
33002,3002, 1.43507
3003,33004, 1.99873
33004,3003, 1.99873
3003,33005, 3.53468
33005,3003, 3.53468
3004,33006, 4.2515
33006,3004, 4.2515
3005,33008, 5.03323
33008,3005, 5.03323
3006,33009, 5.98283
33009,3006, 5.98283
3004,34012, 3.42144
34012,3004, 3.42144
3005,34001, 4.25579
34001,3005, 4.25579
3006,34018, 6.67345
34018,3006, 6.67345
3006,34023, 9.83535
34023,3006, 9.83535
3007,34014, 4.26635
34014,3007, 4.26635
3008,34019, 5.55734
34019,3008, 5.55734
3005,36005, 4.60695
36005,3005, 4.60695
3007,36015, 3.55577
36015,3007, 3.55577
3008,36019, 4.4178
36019,3008, 4.4178
3002,51002, 0.999744
51002,3002, 0.999744
3001,59001, 4.26771
59001,3001, 4.26771
3007,60017, 8.82381
60017,3007, 8.82381
3004,61019, 8.74964
61019,3004, 8.74964
3005,61015, 9.44156
61015,3005, 9.44156
3005,61018, 9.65772
61018,3005, 9.65772
3007,61017, 3.34354
61017,3007, 3.34354
3008,61020, 5.68358
61020,3008, 5.68358
3008,62001, 4.9303
62001,3008, 4.9303
3004,63005, 2.96312
63005,3004, 2.96312
3006,63007, 0.197238
63007,3006, 0.197238
3007,63014, 1.49256
63014,3007, 1.49256
3008,63016, 3.07944
63016,3008, 3.07944
3001,64016, 7.35737
64016,3001, 7.35737
3002,64021, 4.90852
64021,3002, 4.90852
3008,64010, 3.28861
64010,3008, 3.28861
3008,64019, 9.85452
64019,3008, 9.85452
3001,65002, 3.64866
65002,3001, 3.64866
3002,65003, 1.24697
65003,3002, 1.24697
3004,65001, 6.99775
65001,3004, 6.99775
3004,65006, 4.49568
65006,3004, 4.49568
3005,65008, 9.17166
65008,3005, 9.17166
3006,65009, 5.20073
65009,3006, 5.20073
3007,65015, 8.41823
65015,3007, 8.41823
3007,66011, 3.16237
66011,3007, 3.16237
3001,67001, 5.83077
67001,3001, 5.83077
3003,67004, 2.17625
67004,3003, 2.17625
3004,67006, 1.68532
67006,3004, 1.68532
3005,67008, 0.302653
67008,3005, 0.302653
3006,67009, 3.01522
67009,3006, 3.01522
3007,67018, 3.39461
67018,3007, 3.39461
3008,67021, 7.76901
67021,3008, 7.76901
3003,72004, 9.68374
72004,3003, 9.68374
3001,73002, 6.13313
73002,3001, 6.13313
4002,5001, 9.50789
5001,4002, 9.50789
4012,5014, 2.82508
5014,4012, 2.82508
4003,6001, 1.12577
6001,4003, 1.12577
4003,6004, 6.91668
6004,4003, 6.91668
4004,6002, 4.82363
6002,4004, 4.82363
4005,6001, 0.803773
6001,4005, 0.803773
4005,6004, 5.73921
6004,4005, 5.73921
4006,6006, 5.90844
6006,4006, 5.90844
4007,6008, 1.04673
6008,4007, 1.04673
4007,6009, 0.233474
6009,4007, 0.233474
4007,6010, 1.98545
6010,4007, 1.98545
4007,6012, 2.16489
6012,4007, 2.16489
4007,6013, 2.47592
6013,4007, 2.47592
4007,6014, 1.69473
6014,4007, 1.69473
4008,6015, 0.991677
6015,4008, 0.991677
4009,6017, 1.43309
6017,4009, 1.43309
4012,6020, 6.59987
6020,4012, 6.59987
4012,6021, 9.46182
6021,4012, 9.46182
4013,6021, 1.0962
6021,4013, 1.0962
4014,6020, 6.4038
6020,4014, 6.4038
4014,6021, 9.68515
6021,4014, 9.68515
4007,7007, 2.43408
7007,4007, 2.43408
4007,7008, 6.41333
7008,4007, 6.41333
4009,7002, 7.80591
7002,4009, 7.80591
4011,7012, 7.52171
7012,4011, 7.52171
4012,7005, 2.19953
7005,4012, 2.19953
4013,7001, 4.29179
7001,4013, 4.29179
4001,8004, 1.50336
8004,4001, 1.50336
4004,8001, 5.04169
8001,4004, 5.04169
4007,8006, 5.2971
8006,4007, 5.2971
4007,8007, 3.79711
8007,4007, 3.79711
4007,8008, 5.25295
8008,4007, 5.25295
4007,8010, 3.6804
8010,4007, 3.6804
4007,8011, 3.83709
8011,4007, 3.83709
4007,8012, 5.21776
8012,4007, 5.21776
4008,8013, 1.94682
8013,4008, 1.94682
4009,8014, 9.88124
8014,4009, 9.88124
4012,8019, 5.01598
8019,4012, 5.01598
4013,8019, 1.16085
8019,4013, 1.16085
4007,9003, 7.7378
9003,4007, 7.7378
4007,9004, 8.49207
9004,4007, 8.49207
4008,9006, 9.00891
9006,4008, 9.00891
4012,9001, 4.52363
9001,4012, 4.52363
4001,10003, 7.50309
10003,4001, 7.50309
4002,10004, 5.49184
10004,4002, 5.49184
4004,10004, 9.10277
10004,4004, 9.10277
4006,10004, 6.34989
10004,4006, 6.34989
4007,10006, 6.72126
10006,4007, 6.72126
4007,10007, 6.96679
10007,4007, 6.96679
4007,10008, 8.72855
10008,4007, 8.72855
4011,10013, 9.3244
10013,4011, 9.3244
4011,10014, 3.31006
10014,4011, 3.31006
4012,10013, 1.97961
10013,4012, 1.97961
4006,11006, 0.387846
11006,4006, 0.387846
4003,12003, 6.49684
12003,4003, 6.49684
4004,12003, 2.3287
12003,4004, 2.3287
4011,12011, 0.381231
12011,4011, 0.381231
4012,12011, 8.83747
12011,4012, 8.83747
4003,13003, 5.77994
13003,4003, 5.77994
4004,13003, 0.275186
13003,4004, 0.275186
4001,14002, 5.06651
14002,4001, 5.06651
4003,14002, 6.27678
14002,4003, 6.27678
4004,14002, 7.72762
14002,4004, 7.72762
4005,14001, 9.37975
14001,4005, 9.37975
4005,14003, 6.70308
14003,4005, 6.70308
4006,14002, 8.32987
14002,4006, 8.32987
4007,14006, 1.86052
14006,4007, 1.86052
4008,14007, 0.938379
14007,4008, 0.938379
4011,14010, 1.87171
14010,4011, 1.87171
4012,14010, 5.5049
14010,4012, 5.5049
4013,14010, 5.44753
14010,4013, 5.44753
4004,15012, 9.01078
15012,4004, 9.01078
4007,15004, 2.20679
15004,4007, 2.20679
4007,15005, 2.6041
15005,4007, 2.6041
4007,15006, 1.63596
15006,4007, 1.63596
4011,15003, 1.85238
15003,4011, 1.85238
4012,15003, 8.6162
15003,4012, 8.6162
4002,16005, 4.67248
16005,4002, 4.67248
4005,16005, 6.60278
16005,4005, 6.60278
4007,16002, 5.76866
16002,4007, 5.76866
4007,16003, 4.67866
16003,4007, 4.67866
4007,16004, 4.77124
16004,4007, 4.77124
4007,16006, 2.9364
16006,4007, 2.9364
4007,16007, 4.26964
16007,4007, 4.26964
4008,16009, 5.35938
16009,4008, 5.35938
4009,16010, 9.47683
16010,4009, 9.47683
4011,16011, 7.90397
16011,4011, 7.90397
4014,16011, 6.56718
16011,4014, 6.56718
4001,17001, 8.35345
17001,4001, 8.35345
4005,17001, 5.70593
17001,4005, 5.70593
4007,17004, 2.58097
17004,4007, 2.58097
4007,17008, 8.10385
17008,4007, 8.10385
4007,17009, 8.87904
17009,4007, 8.87904
4007,17010, 8.36313
17010,4007, 8.36313
4008,17002, 2.63422
17002,4008, 2.63422
4011,17003, 8.38369
17003,4011, 8.38369
4012,17003, 5.99442
17003,4012, 5.99442
4013,17003, 2.31141
17003,4013, 2.31141
4013,17007, 8.13479
17007,4013, 8.13479
4001,18002, 6.23717
18002,4001, 6.23717
4001,18003, 9.22936
18003,4001, 9.22936
4002,18006, 3.77694
18006,4002, 3.77694
4003,18003, 5.35237
18003,4003, 5.35237
4005,18002, 1.6951
18002,4005, 1.6951
4005,18006, 6.37484
18006,4005, 6.37484
4007,18004, 1.33556
18004,4007, 1.33556
4007,18005, 0.0884284
18005,4007, 0.0884284
4007,18007, 0.739055
18007,4007, 0.739055
4007,18008, 1.19692
18008,4007, 1.19692
4007,18009, 0.572924
18009,4007, 0.572924
4008,18010, 3.14177
18010,4008, 3.14177
4009,18012, 6.9903
18012,4009, 6.9903
4010,18013, 9.18839
18013,4010, 9.18839
4010,18014, 6.94161
18014,4010, 6.94161
4011,18017, 0.487258
18017,4011, 0.487258
4011,18018, 2.5172
18018,4011, 2.5172
4012,18017, 4.01324
18017,4012, 4.01324
4012,18018, 7.27391
18018,4012, 7.27391
4013,18017, 2.83413
18017,4013, 2.83413
4013,18018, 6.02767
18018,4013, 6.02767
4014,18016, 1.15303
18016,4014, 1.15303
4014,18019, 6.38047
18019,4014, 6.38047
4003,19003, 0.678508
19003,4003, 0.678508
4005,19003, 3.7519
19003,4005, 3.7519
4007,19006, 3.74114
19006,4007, 3.74114
4007,19007, 3.58646
19007,4007, 3.58646
4007,19008, 6.00477
19008,4007, 6.00477
4008,19004, 3.3379
19004,4008, 3.3379
4011,19001, 2.19088
19001,4011, 2.19088
4011,19013, 7.41313
19013,4011, 7.41313
4012,19001, 5.21492
19001,4012, 5.21492
4012,19005, 4.91433
19005,4012, 4.91433
4012,19013, 3.36877
19013,4012, 3.36877
4013,19005, 2.15432
19005,4013, 2.15432
4015,19005, 0.7925
19005,4015, 0.7925
4001,20007, 8.35868
20007,4001, 8.35868
