1,1082, 29.9977
1082,1, 29.9977
3,1091, 3.85744
1091,3, 3.85744
4,1072, 6.78657
1072,4, 6.78657
6,1091, 1.67692
1091,6, 1.67692
7,1075, 8.51674
1075,7, 8.51674
7,1080, 8.83737
1080,7, 8.83737
8,1067, 1.50707
1067,8, 1.50707
8,1069, 3.39096
1069,8, 3.39096
8,1073, 7.09002
1073,8, 7.09002
9,1091, 2.62311
1091,9, 2.62311
10,1084, 1.02625
1084,10, 1.02625
10,1089, 10.3821
1089,10, 10.3821
12,1085, 1.57351
1085,12, 1.57351
13,1068, 22.312
1068,13, 22.312
13,1083, 5.26373
1083,13, 5.26373
13,1089, 1.82465
1089,13, 1.82465
14,1079, 0.553307
1079,14, 0.553307
15,1078, 4.47011
1078,15, 4.47011
17,1071, 5.55952
1071,17, 5.55952
19,1078, 7.75816
1078,19, 7.75816
19,1085, 5.26969
1085,19, 5.26969
20,1084, 3.17406
1084,20, 3.17406
20,1089, 9.01168
1089,20, 9.01168
21,1071, 8.75934
1071,21, 8.75934
22,1071, 7.31545
1071,22, 7.31545
22,1077, 11.6292
1077,22, 11.6292
25,1056, 18.1652
1056,25, 18.1652
26,1056, 7.35293
1056,26, 7.35293
27,1056, 13.4966
1056,27, 13.4966
28,1051, 1.29188
1051,28, 1.29188
28,1054, 9.99633
1054,28, 9.99633
28,1056, 33.8823
1056,28, 33.8823
29,1048, 37.3776
1048,29, 37.3776
29,1049, 15.9433
1049,29, 15.9433
31,1056, 6.33106
1056,31, 6.33106
34,1042, 14.2009
1042,34, 14.2009
34,1044, 3.54732
1044,34, 3.54732
35,1046, 4.20271
1046,35, 4.20271
41,1094, 1.74662
1094,41, 1.74662
42,1093, 1.04419
1093,42, 1.04419
43,1094, 9.79268
1094,43, 9.79268
46,1093, 9.84403
1093,46, 9.84403
47,1090, 7.3789
1090,47, 7.3789
49,1057, 5.6393
1057,49, 5.6393
49,1060, 14.4394
1060,49, 14.4394
51,1087, 21.3257
1087,51, 21.3257
52,1094, 6.86974
1094,52, 6.86974
53,1087, 7.58194
1087,53, 7.58194
55,1057, 3.42799
1057,55, 3.42799
58,1057, 9.01949
1057,58, 9.01949
60,1052, 7.20191
1052,60, 7.20191
60,1053, 1.22773
1053,60, 1.22773
60,1054, 7.33262
1054,60, 7.33262
61,1051, 0.397437
1051,61, 0.397437
62,1016, 7.21723
1016,62, 7.21723
64,1018, 5.98977
1018,64, 5.98977
65,1015, 8.61515
1015,65, 8.61515
66,1011, 6.65034
1011,66, 6.65034
66,1012, 0.0216793
1012,66, 0.0216793
67,1020, 5.61269
1020,67, 5.61269
69,1018, 2.24665
1018,69, 2.24665
69,1019, 6.84838
1019,69, 6.84838
73,1017, 6.15653
1017,73, 6.15653
74,1002, 2.34249
1002,74, 2.34249
75,1017, 2.13561
1017,75, 2.13561
79,1003, 5.24805
1003,79, 5.24805
80,1008, 7.69567
1008,80, 7.69567
81,1005, 5.96835
1005,81, 5.96835
81,1006, 4.58598
1006,81, 4.58598
83,1010, 6.07777
1010,83, 6.07777
84,1014, 12.0037
1014,84, 12.0037
85,1008, 0.555428
1008,85, 0.555428
86,1002, 2.38061
1002,86, 2.38061
87,1007, 3.41225
1007,87, 3.41225
88,1005, 4.23137
1005,88, 4.23137
88,1006, 5.49126
1006,88, 5.49126
93,1027, 7.11016
1027,93, 7.11016
98,1035, 3.01606
1035,98, 3.01606
1,2001, 18.3454
2001,1, 18.3454
2,2012, 15.8998
2012,2, 15.8998
3,2001, 11.8777
2001,3, 11.8777
4,2003, 10.7123
2003,4, 10.7123
4,2011, 8.09126
2011,4, 8.09126
4,2012, 9.88941
2012,4, 9.88941
5,2006, 9.76357
2006,5, 9.76357
6,2003, 4.63083
2003,6, 4.63083
6,2004, 10.4758
2004,6, 10.4758
6,2011, 2.05116
2011,6, 2.05116
6,2012, 3.84861
2012,6, 3.84861
7,2009, 1.49266
2009,7, 1.49266
8,2012, 27.9684
2012,8, 27.9684
8,2014, 7.89275
2014,8, 7.89275
9,2008, 3.75487
2008,9, 3.75487
9,2015, 7.55966
2015,9, 7.55966
10,2013, 14.4411
2013,10, 14.4411
10,2016, 8.24922
2016,10, 8.24922
10,2018, 13.6018
2018,10, 13.6018
11,2025, 12.1632
2025,11, 12.1632
11,2056, 8.17217
2056,11, 8.17217
11,2060, 20.1473
2060,11, 20.1473
11,2064, 0.345377
2064,11, 0.345377
11,2066, 2.81373
2066,11, 2.81373
11,2094, 3.34338
2094,11, 3.34338
12,2026, 0.0533128
2026,12, 0.0533128
12,2075, 7.43615
2075,12, 7.43615
12,2078, 1.19575
2078,12, 1.19575
13,2029, 8.04151
2029,13, 8.04151
13,2031, 2.42393
2031,13, 2.42393
13,2077, 4.97464
2077,13, 4.97464
13,2079, 8.7754
2079,13, 8.7754
13,2084, 4.06811
2084,13, 4.06811
13,2085, 1.78096
2085,13, 1.78096
13,2088, 3.80702
2088,13, 3.80702
14,2026, 5.87615
2026,14, 5.87615
14,2027, 5.44548
2027,14, 5.44548
14,2070, 3.34485
2070,14, 3.34485
14,2073, 6.87431
2073,14, 6.87431
14,2078, 7.05061
2078,14, 7.05061
15,2031, 8.20411
2031,15, 8.20411
15,2032, 5.41764
2032,15, 5.41764
15,2079, 3.02992
2079,15, 3.02992
15,2085, 7.49388
2085,15, 7.49388
15,2088, 1.91698
2088,15, 1.91698
16,2025, 15.3007
2025,16, 15.3007
16,2063, 7.49727
2063,16, 7.49727
16,2075, 3.54641
2075,16, 3.54641
17,2027, 0.343376
2027,17, 0.343376
17,2029, 5.37743
2029,17, 5.37743
17,2070, 2.37711
2070,17, 2.37711
17,2073, 1.14533
2073,17, 1.14533
17,2077, 8.2768
2077,17, 8.2768
18,2089, 9.11043
2089,18, 9.11043
18,2092, 5.81191
2092,18, 5.81191
18,2093, 2.93867
2093,18, 2.93867
19,2038, 7.91965
2038,19, 7.91965
19,2095, 7.33114
2095,19, 7.33114
19,2097, 5.21235
2097,19, 5.21235
20,2046, 0.386017
2046,20, 0.386017
20,2050, 4.74175
2050,20, 4.74175
21,2037, 5.06408
2037,21, 5.06408
21,2093, 8.52742
2093,21, 8.52742
21,2095, 10.8748
2095,21, 10.8748
22,2040, 0.501846
2040,22, 0.501846
22,2097, 5.71722
2097,22, 5.71722
23,2040, 5.66993
2040,23, 5.66993
23,2046, 4.95206
2046,23, 4.95206
23,2050, 10.0359
2050,23, 10.0359
23,2097, 10.8097
2097,23, 10.8097
24,2057, 9.54986
2057,24, 9.54986
24,2081, 0.0510977
2081,24, 0.0510977
25,2001, 28.5171
2001,25, 28.5171
25,2002, 1.53526
2002,25, 1.53526
25,2007, 8.08111
2007,25, 8.08111
26,2003, 9.99402
2003,26, 9.99402
26,2011, 7.57066
2011,26, 7.57066
26,2012, 9.22888
2012,26, 9.22888
27,2012, 25.7419
2012,27, 25.7419
27,2014, 7.36684
2014,27, 7.36684
28,2008, 3.55373
2008,28, 3.55373
28,2015, 7.06744
2015,28, 7.06744
29,2003, 7.12392
2003,29, 7.12392
29,2011, 4.73621
2011,29, 4.73621
29,2012, 6.38361
2012,29, 6.38361
30,2013, 2.77482
2013,30, 2.77482
30,2016, 8.45377
2016,30, 8.45377
30,2017, 6.98307
2017,30, 6.98307
30,2018, 3.44984
2018,30, 3.44984
30,2034, 8.78294
2034,30, 8.78294
31,2013, 12.3537
2013,31, 12.3537
31,2016, 6.6121
2016,31, 6.6121
31,2018, 11.576
2018,31, 11.576
32,2019, 5.57876
2019,32, 5.57876
32,2020, 5.80596
2020,32, 5.80596
32,2021, 5.94368
2021,32, 5.94368
32,2039, 7.38746
2039,32, 7.38746
32,2042, 2.93568
2042,32, 2.93568
33,2013, 5.31652
2013,33, 5.31652
33,2016, 0.301242
2016,33, 0.301242
33,2017, 14.8464
2017,33, 14.8464
33,2018, 4.59766
2018,33, 4.59766
33,2034, 16.5073
2034,33, 16.5073
34,2013, 30.4161
2013,34, 30.4161
34,2019, 15.4687
2019,34, 15.4687
34,2020, 4.20402
2020,34, 4.20402
34,2021, 4.06153
2021,34, 4.06153
34,2039, 2.52453
2039,34, 2.52453
34,2042, 6.91777
2042,34, 6.91777
35,2023, 12.4947
2023,35, 12.4947
35,2024, 4.04244
2024,35, 4.04244
35,2053, 5.02608
2053,35, 5.02608
35,2058, 8.74432
2058,35, 8.74432
36,2013, 30.8414
2013,36, 30.8414
36,2019, 14.7282
2019,36, 14.7282
36,2020, 3.54277
2020,36, 3.54277
36,2021, 3.40167
2021,36, 3.40167
36,2039, 1.8823
2039,36, 1.8823
36,2042, 6.24487
2042,36, 6.24487
37,2019, 6.65643
2019,37, 6.65643
37,2022, 3.51377
2022,37, 3.51377
37,2041, 0.619564
2041,37, 0.619564
37,2042, 14.8694
2042,37, 14.8694
37,2044, 3.78937
2044,37, 3.78937
37,2052, 7.6445
2052,37, 7.6445
38,2019, 29.8947
2019,38, 29.8947
38,2023, 3.70962
2023,38, 3.70962
38,2048, 1.14813
2048,38, 1.14813
38,2051, 2.87945
2051,38, 2.87945
38,2052, 15.2296
2052,38, 15.2296
38,2058, 7.24155
2058,38, 7.24155
40,2028, 4.09967
2028,40, 4.09967
40,2030, 4.10903
2030,40, 4.10903
40,2043, 1.04329
2043,40, 1.04329
40,2068, 0.230343
2068,40, 0.230343
40,2071, 14.7634
2071,40, 14.7634
40,2074, 5.27036
2074,40, 5.27036
40,2076, 0.155988
2076,40, 0.155988
44,2028, 3.39457
2028,44, 3.39457
44,2030, 3.40427
2030,44, 3.40427
44,2043, 1.70917
2043,44, 1.70917
44,2068, 0.440541
2068,44, 0.440541
44,2071, 13.9913
2071,44, 13.9913
44,2074, 5.90202
2074,44, 5.90202
44,2076, 0.823144
2076,44, 0.823144
49,2057, 13.2873
2057,49, 13.2873
49,2081, 4.40493
2081,49, 4.40493
50,2035, 3.15007
2035,50, 3.15007
50,2054, 8.29402
2054,50, 8.29402
50,2055, 8.99906
2055,50, 8.99906
50,2060, 4.00139
2060,50, 4.00139
50,2071, 17.8572
2071,50, 17.8572
50,2083, 1.04569
2083,50, 1.04569
50,2087, 3.64619
2087,50, 3.64619
54,2096, 3.93196
2096,54, 3.93196
55,2098, 3.91523
2098,55, 3.91523
55,2104, 5.387
2104,55, 5.387
55,2109, 20.6461
2109,55, 20.6461
56,2057, 15.2235
2057,56, 15.2235
56,2091, 3.65557
2091,56, 3.65557
58,2099, 3.83874
2099,58, 3.83874
58,2109, 4.12781
2109,58, 4.12781
58,2111, 5.23377
2111,58, 5.23377
59,2100, 3.93954
2100,59, 3.93954
59,2101, 2.41871
2101,59, 2.41871
59,2109, 21.2477
2109,59, 21.2477
59,2112, 5.51142
2112,59, 5.51142
60,2100, 5.00175
2100,60, 5.00175
60,2101, 3.49051
2101,60, 3.49051
60,2109, 20.0279
2109,60, 20.0279
60,2112, 4.39803
2112,60, 4.39803
61,2102, 3.39932
2102,61, 3.39932
61,2103, 6.84299
2103,61, 6.84299
62,2036, 0.470216
2036,62, 0.470216
62,2043, 16.4242
2043,62, 16.4242
62,2061, 6.6211
2061,62, 6.6211
62,2069, 3.99229
2069,62, 3.99229
62,2071, 31.3207
2071,62, 31.3207
62,2072, 8.25136
2072,62, 8.25136
63,2028, 7.19801
2028,63, 7.19801
63,2030, 7.18206
2030,63, 7.18206
63,2043, 12.0108
2043,63, 12.0108
63,2045, 0.393807
2045,63, 0.393807
63,2049, 6.89178
2049,63, 6.89178
63,2055, 11.5909
2055,63, 11.5909
63,2068, 10.7378
2068,63, 10.7378
63,2071, 3.03644
2071,63, 3.03644
63,2080, 2.92585
2080,63, 2.92585
63,2082, 7.19158
2082,63, 7.19158
64,2025, 24.448
2025,64, 24.448
64,2035, 4.43296
2035,64, 4.43296
64,2054, 0.520417
2054,64, 0.520417
64,2055, 16.0101
2055,64, 16.0101
64,2056, 6.752
2056,64, 6.752
64,2060, 3.57011
2060,64, 3.57011
64,2071, 24.4449
2071,64, 24.4449
64,2083, 6.36325
2083,64, 6.36325
64,2087, 3.87126
2087,64, 3.87126
65,2028, 13.6008
2028,65, 13.6008
65,2043, 18.3624
2043,65, 18.3624
65,2045, 5.9945
2045,65, 5.9945
65,2049, 0.488352
2049,65, 0.488352
65,2055, 5.18208
2055,65, 5.18208
65,2060, 17.5611
2060,65, 17.5611
65,2071, 3.32009
2071,65, 3.32009
65,2080, 3.42018
2080,65, 3.42018
65,2082, 0.835097
2082,65, 0.835097
65,2083, 14.6807
2083,65, 14.6807
65,2086, 5.30157
2086,65, 5.30157
65,2087, 17.1482
2087,65, 17.1482
66,2028, 5.25366
2028,66, 5.25366
66,2030, 5.26143
2030,66, 5.26143
66,2043, 0.395902
2043,66, 0.395902
66,2068, 1.58824
2068,66, 1.58824
66,2071, 15.2844
2071,66, 15.2844
66,2072, 7.60948
2072,66, 7.60948
66,2074, 3.59696
2074,66, 3.59696
66,2076, 1.22195
2076,66, 1.22195
67,2025, 3.41359
2025,67, 3.41359
67,2062, 0.645645
2062,67, 0.645645
67,2063, 3.27241
2063,67, 3.27241
67,2094, 10.7405
2094,67, 10.7405
68,2025, 18.1083
2025,68, 18.1083
68,2035, 10.6446
2035,68, 10.6446
68,2054, 5.6761
2054,68, 5.6761
68,2056, 0.541013
2056,68, 0.541013
68,2060, 9.74252
2060,68, 9.74252
68,2064, 7.24564
2064,68, 7.24564
68,2066, 9.95424
2066,68, 9.95424
68,2071, 30.5376
2071,68, 30.5376
68,2083, 12.4997
2083,68, 12.4997
68,2087, 10.0098
2087,68, 10.0098
68,2094, 10.3585
2094,68, 10.3585
69,2025, 6.17565
2025,69, 6.17565
69,2062, 2.08618
2062,69, 2.08618
69,2063, 0.537502
2063,69, 0.537502
70,2026, 7.33509
2026,70, 7.33509
70,2027, 2.50206
2027,70, 2.50206
70,2029, 7.48359
2029,70, 7.48359
70,2070, 0.699528
2070,70, 0.699528
70,2073, 3.76175
2073,70, 3.76175
70,2078, 8.31327
2078,70, 8.31327
71,2031, 9.01431
2031,71, 9.01431
71,2032, 2.81883
2032,71, 2.81883
71,2033, 7.69091
2033,71, 7.69091
71,2079, 0.763377
2079,71, 0.763377
71,2085, 8.35971
2085,71, 8.35971
71,2088, 3.52303
2088,71, 3.52303
72,2027, 0.683377
2027,72, 0.683377
72,2029, 4.2923
2029,72, 4.2923
72,2031, 9.14378
2031,72, 9.14378
72,2070, 2.44408
2070,72, 2.44408
72,2073, 0.614628
2073,72, 0.614628
72,2077, 6.80682
2077,72, 6.80682
72,2084, 7.57747
2084,72, 7.57747
73,2027, 6.9619
2027,73, 6.9619
73,2029, 1.99776
2029,73, 1.99776
73,2031, 2.84246
2031,73, 2.84246
73,2073, 5.58808
2073,73, 5.58808
73,2077, 0.590036
2077,73, 0.590036
73,2079, 12.4217
2079,73, 12.4217
73,2084, 1.36523
2084,73, 1.36523
73,2085, 3.33173
2085,73, 3.33173
73,2088, 8.13627
2088,73, 8.13627
74,2028, 18.2979
2028,74, 18.2979
74,2035, 11.8597
2035,74, 11.8597
74,2043, 22.984
2043,74, 22.984
74,2049, 4.31545
2049,74, 4.31545
74,2055, 0.338566
2055,74, 0.338566
74,2060, 12.6022
2060,74, 12.6022
74,2071, 8.0593
2071,74, 8.0593
74,2080, 8.15063
2080,74, 8.15063
74,2082, 3.93576
2082,74, 3.93576
74,2083, 9.77122
2083,74, 9.77122
74,2086, 0.488246
2086,74, 0.488246
74,2087, 12.2183
2087,74, 12.2183
75,2033, 7.13756
2033,75, 7.13756
75,2079, 13.8425
2079,75, 13.8425
75,2089, 0.613847
2089,75, 0.613847
75,2090, 0.955792
2090,75, 0.955792
75,2092, 3.44846
2092,75, 3.44846
75,2093, 5.92325
2093,75, 5.92325
76,2025, 11.0696
2025,76, 11.0696
76,2056, 6.19868
2056,76, 6.19868
76,2060, 16.3461
2060,76, 16.3461
76,2064, 0.434814
2064,76, 0.434814
76,2066, 3.1119
2066,76, 3.1119
76,2071, 36.8633
2071,76, 36.8633
76,2087, 16.5733
2087,76, 16.5733
76,2094, 3.55335
2094,76, 3.55335
77,2025, 8.34832
2025,77, 8.34832
77,2060, 18.9924
2060,77, 18.9924
77,2064, 2.23351
2064,77, 2.23351
77,2066, 0.440676
2066,77, 0.440676
77,2094, 0.898573
2094,77, 0.898573
78,2035, 0.421985
2035,78, 0.421985
78,2054, 4.41933
2054,78, 4.41933
78,2055, 11.8014
2055,78, 11.8014
78,2060, 0.398354
2060,78, 0.398354
78,2071, 20.0916
2071,78, 20.0916
78,2083, 2.35918
2083,78, 2.35918
78,2087, 0.0821775
2087,78, 0.0821775
79,2025, 15.6975
2025,79, 15.6975
79,2026, 7.00835
2026,79, 7.00835
79,2075, 0.530942
2075,79, 0.530942
79,2078, 5.84561
2078,79, 5.84561
80,2027, 7.76278
2027,80, 7.76278
80,2029, 2.84475
2029,80, 2.84475
80,2031, 1.95051
2031,80, 1.95051
80,2073, 6.39009
2073,80, 6.39009
80,2077, 0.270022
2077,80, 0.270022
80,2079, 11.4495
2079,80, 11.4495
80,2084, 0.49875
2084,80, 0.49875
80,2085, 2.44679
2085,80, 2.44679
80,2088, 7.20615
2088,80, 7.20615
81,2029, 4.73388
2029,81, 4.73388
81,2031, 0.0558905
2031,81, 0.0558905
81,2073, 8.25105
2073,81, 8.25105
81,2077, 2.13794
2077,81, 2.13794
81,2079, 9.56606
2079,81, 9.56606
81,2084, 1.36812
2084,81, 1.36812
81,2085, 0.577795
2085,81, 0.577795
81,2088, 5.33185
2088,81, 5.33185
82,2025, 21.0844
2025,82, 21.0844
82,2026, 1.57123
2026,82, 1.57123
82,2075, 4.81528
2075,82, 4.81528
82,2078, 0.487971
2078,82, 0.487971
83,2033, 7.39013
2033,83, 7.39013
83,2079, 14.0355
2079,83, 14.0355
83,2089, 0.302454
2089,83, 0.302454
83,2090, 0.641868
2090,83, 0.641868
83,2092, 3.11411
2092,83, 3.11411
83,2093, 5.5686
2093,83, 5.5686
84,2037, 4.41435
2037,84, 4.41435
84,2038, 0.26326
2038,84, 0.26326
84,2095, 0.684405
2095,84, 0.684405
84,2097, 11.3972
2097,84, 11.3972
85,2089, 2.19619
2089,85, 2.19619
85,2090, 1.85487
2090,85, 1.85487
85,2092, 0.614742
2092,85, 0.614742
85,2093, 3.06663
2093,85, 3.06663
86,2029, 9.47746
2029,86, 9.47746
86,2031, 4.69839
2031,86, 4.69839
86,2032, 6.91543
2032,86, 6.91543
86,2077, 6.82642
2077,86, 6.82642
86,2079, 4.84616
2079,86, 4.84616
86,2084, 6.05345
2084,86, 6.05345
86,2085, 4.11159
2085,86, 4.11159
86,2088, 0.632246
2088,86, 0.632246
87,2089, 4.70063
2089,87, 4.70063
87,2090, 4.35741
2090,87, 4.35741
87,2092, 1.89041
2092,87, 1.89041
87,2093, 0.558892
2093,87, 0.558892
88,2040, 5.12861
2040,88, 5.12861
88,2095, 10.0586
2095,88, 10.0586
88,2097, 0.599433
2097,88, 0.599433
89,2102, 2.2666
2102,89, 2.2666
89,2103, 1.01031
2103,89, 1.01031
89,2105, 8.64975
2105,89, 8.64975
89,2119, 4.12829
2119,89, 4.12829
90,2105, 12.9174
2105,90, 12.9174
90,2106, 0.906028
2106,90, 0.906028
90,2107, 2.26307
2107,90, 2.26307
90,2108, 3.80417
2108,90, 3.80417
90,2110, 5.4062
2110,90, 5.4062
90,2126, 21.0032
2126,90, 21.0032
91,2106, 0.322437
2106,91, 0.322437
91,2107, 1.03307
2107,91, 1.03307
91,2108, 2.5724
2108,91, 2.5724
91,2110, 4.17259
2110,91, 4.17259
91,2124, 5.99684
2124,91, 5.99684
91,2126, 19.7559
2126,91, 19.7559
92,2106, 1.93238
2106,92, 1.93238
92,2107, 0.578333
2107,92, 0.578333
92,2108, 0.959314
2108,92, 0.959314
92,2110, 2.55774
2110,92, 2.55774
92,2124, 4.38812
2124,92, 4.38812
92,2126, 18.1296
2126,92, 18.1296
93,2106, 3.50478
2106,93, 3.50478
93,2107, 2.15219
2107,93, 2.15219
93,2108, 0.616216
2108,93, 0.616216
93,2110, 0.980454
2110,93, 0.980454
93,2124, 2.81682
2124,93, 2.81682
93,2126, 16.5409
2126,93, 16.5409
94,2117, 1.03008
2117,94, 1.03008
94,2118, 5.24807
2118,94, 5.24807
94,2126, 22.3709
2126,94, 22.3709
94,2128, 8.56483
2128,94, 8.56483
95,2113, 1.0681
2113,95, 1.0681
95,2114, 2.58008
2114,95, 2.58008
95,2126, 3.75183
2126,95, 3.75183
95,2128, 9.99755
2128,95, 9.99755
96,2113, 0.552799
2113,96, 0.552799
96,2114, 0.957526
2114,96, 0.957526
96,2126, 5.35846
2126,96, 5.35846
96,2128, 8.3747
2128,96, 8.3747
97,2121, 1.08972
2121,97, 1.08972
97,2123, 2.42701
2123,97, 2.42701
98,2121, 0.205795
2121,98, 0.205795
98,2123, 1.13004
2123,98, 1.13004
99,2117, 3.18807
2117,99, 3.18807
99,2118, 1.01605
2118,99, 1.01605
1,3054, 6.44322
3054,1, 6.44322
1,3062, 0.282967
3062,1, 0.282967
2,3064, 7.13647
3064,2, 7.13647
2,3087, 8.43544
3087,2, 8.43544
3,3054, 25.0275
3054,3, 25.0275
3,3081, 8.29586
3081,3, 8.29586
4,3086, 8.04761
3086,4, 8.04761
4,3087, 4.99472
3087,4, 4.99472
5,3044, 4.24834
3044,5, 4.24834
5,3047, 12.9593
3047,5, 12.9593
5,3055, 12.6598
3055,5, 12.6598
5,3066, 16.223
3066,5, 16.223
5,3088, 7.86447
3088,5, 7.86447
6,3083, 7.73582
3083,6, 7.73582
6,3086, 4.53043
3086,6, 4.53043
6,3087, 1.48763
3087,6, 1.48763
7,3001, 21.8223
3001,7, 21.8223
7,3011, 16.4831
3011,7, 16.4831
7,3015, 1.32869
3015,7, 1.32869
7,3032, 10.4533
3032,7, 10.4533
7,3046, 0.891095
3046,7, 0.891095
7,3055, 18.5378
3055,7, 18.5378
7,3078, 21.3425
3078,7, 21.3425
7,3089, 7.98614
3089,7, 7.98614
8,3042, 9.33008
3042,8, 9.33008
8,3061, 6.57097
3061,8, 6.57097
8,3066, 14.2031
3066,8, 14.2031
8,3085, 7.6786
3085,8, 7.6786
9,3015, 23.7744
3015,9, 23.7744
9,3044, 2.91073
3044,9, 2.91073
9,3055, 5.53973
3055,9, 5.53973
9,3084, 7.32388
3084,9, 7.32388
9,3088, 1.07923
3088,9, 1.07923
10,3001, 5.45833
3001,10, 5.45833
10,3011, 0.245284
3011,10, 0.245284
10,3015, 17.3295
3015,10, 17.3295
10,3018, 8.82141
3018,10, 8.82141
10,3029, 5.27648
3029,10, 5.27648
10,3046, 14.5472
3046,10, 14.5472
10,3048, 7.90915
3048,10, 7.90915
10,3055, 33.6664
3055,10, 33.6664
10,3078, 6.467
3078,10, 6.467
10,3089, 6.68655
3089,10, 6.68655
11,3082, 5.97769
3082,11, 5.97769
12,3073, 8.27125
3073,12, 8.27125
12,3077, 5.29538
3077,12, 5.29538
13,3051, 18.2551
3051,13, 18.2551
13,3059, 0.366902
3059,13, 0.366902
13,3080, 5.29159
3080,13, 5.29159
14,3071, 7.87481
3071,14, 7.87481
14,3073, 5.00302
3073,14, 5.00302
14,3077, 2.03589
3077,14, 2.03589
15,3051, 14.9741
3051,15, 14.9741
15,3059, 3.60023
3059,15, 3.60023
15,3075, 5.09625
3075,15, 5.09625
15,3080, 2.17156
3080,15, 2.17156
16,3069, 4.75293
3069,16, 4.75293
16,3082, 8.724
3082,16, 8.724
17,3059, 20.3686
3059,17, 20.3686
17,3071, 4.71043
3071,17, 4.71043
17,3073, 1.84691
3073,17, 1.84691
17,3077, 1.11171
3077,17, 1.11171
18,3051, 14.1654
3051,18, 14.1654
18,3074, 4.91756
3074,18, 4.91756
19,3016, 4.11628
3016,19, 4.11628
19,3038, 5.22065
3038,19, 5.22065
19,3056, 0.480292
3056,19, 0.480292
19,3076, 5.15754
3076,19, 5.15754
20,3019, 2.96522
3019,20, 2.96522
20,3025, 3.18534
3025,20, 3.18534
20,3028, 3.50838
3028,20, 3.50838
20,3035, 3.99103
3035,20, 3.99103
20,3057, 0.648303
3057,20, 0.648303
20,3068, 10.3489
3068,20, 10.3489
20,3079, 5.22698
3079,20, 5.22698
21,3051, 17.2727
3051,21, 17.2727
21,3072, 4.5996
3072,21, 4.5996
21,3074, 1.9071
3074,21, 1.9071
22,3016, 2.14238
3016,22, 2.14238
22,3038, 1.0136
3038,22, 1.0136
22,3056, 5.49519
3056,22, 5.49519
22,3068, 6.7837
3068,22, 6.7837
22,3070, 4.53668
3070,22, 4.53668
22,3076, 0.600088
3076,22, 0.600088
23,3016, 4.90225
3016,23, 4.90225
23,3038, 3.76283
3038,23, 3.76283
23,3056, 8.129
3056,23, 8.129
23,3068, 4.22523
3068,23, 4.22523
23,3070, 1.98462
3070,23, 1.98462
23,3076, 3.13818
3076,23, 3.13818
24,3067, 4.03696
3067,24, 4.03696
24,3079, 7.47951
3079,24, 7.47951
25,3054, 32.1538
3054,25, 32.1538
25,3065, 0.434795
3065,25, 0.434795
26,3054, 6.26231
3054,26, 6.26231
26,3062, 0.025345
3062,26, 0.025345
27,3054, 41.7837
3054,27, 41.7837
27,3063, 0.222718
3063,27, 0.222718
27,3081, 9.5134
3081,27, 9.5134
28,3064, 0.581785
3064,28, 0.581785
29,3054, 0.700196
3054,29, 0.700196
29,3062, 5.52392
3062,29, 5.52392
30,3042, 5.58155
3042,30, 5.58155
30,3047, 2.49863
3047,30, 2.49863
30,3055, 26.4747
3055,30, 26.4747
30,3066, 0.74493
3066,30, 0.74493
30,3085, 6.3431
3085,30, 6.3431
31,3042, 14.1192
3042,31, 14.1192
31,3049, 12.4551
3049,31, 12.4551
31,3061, 0.92043
3061,31, 0.92043
31,3066, 18.5981
3066,31, 18.5981
32,3015, 15.1202
3015,32, 15.1202
32,3032, 6.50128
3032,32, 6.50128
32,3044, 9.69349
3044,32, 9.69349
32,3055, 1.69593
3055,32, 1.69593
32,3084, 0.270504
3084,32, 0.270504
32,3088, 5.55016
3088,32, 5.55016
33,3049, 1.98759
3049,33, 1.98759
33,3061, 9.31783
3061,33, 9.31783
33,3083, 8.51245
3083,33, 8.51245
34,3042, 10.2446
3042,34, 10.2446
34,3044, 13.7142
3044,34, 13.7142
34,3047, 2.26055
3047,34, 2.26055
34,3055, 21.3932
3055,34, 21.3932
34,3066, 5.39515
3066,34, 5.39515
35,3001, 5.42203
3001,35, 5.42203
35,3011, 10.2523
3011,35, 10.2523
35,3015, 26.6574
3015,35, 26.6574
35,3018, 2.13476
3018,35, 2.13476
35,3029, 5.43222
3029,35, 5.43222
35,3048, 2.60536
3048,35, 2.60536
35,3078, 3.47401
3078,35, 3.47401
36,3042, 2.4809
3042,36, 2.4809
36,3047, 5.42452
3047,36, 5.42452
36,3055, 28.8973
3055,36, 28.8973
36,3066, 2.20713
3066,36, 2.20713
36,3085, 3.39396
3085,36, 3.39396
37,3015, 22.23
3015,37, 22.23
37,3044, 2.56538
3044,37, 2.56538
37,3055, 5.26032
3055,37, 5.26032
37,3084, 6.88212
3084,37, 6.88212
37,3088, 1.11989
3088,37, 1.11989
38,3001, 16.6246
3001,38, 16.6246
38,3011, 11.6899
3011,38, 11.6899
38,3015, 4.79023
3015,38, 4.79023
38,3046, 2.59859
3046,38, 2.59859
38,3055, 20.4923
3055,38, 20.4923
38,3078, 16.3791
3078,38, 16.3791
38,3089, 4.11554
3089,38, 4.11554
40,3002, 5.33427
3002,40, 5.33427
40,3008, 7.56882
3008,40, 7.56882
40,3027, 0.83544
3027,40, 0.83544
40,3034, 0.156098
3034,40, 0.156098
40,3045, 10.8645
3045,40, 10.8645
40,3050, 2.79574
3050,40, 2.79574
44,3002, 2.88866
3002,44, 2.88866
44,3008, 0.647133
3008,44, 0.647133
44,3027, 8.91812
3027,44, 8.91812
44,3034, 7.92244
3034,44, 7.92244
44,3045, 2.99476
3045,44, 2.99476
44,3050, 4.99665
3050,44, 4.99665
49,3051, 14.668
3051,49, 14.668
49,3059, 2.84902
3059,49, 2.84902
49,3075, 5.31651
3075,49, 5.31651
49,3080, 2.56515
3080,49, 2.56515
50,3004, 1.20636
3004,50, 1.20636
50,3009, 2.77816
3009,50, 2.77816
50,3012, 3.0608
3012,50, 3.0608
50,3020, 9.32154
3020,50, 9.32154
50,3030, 6.3989
3030,50, 6.3989
50,3036, 4.90841
3036,50, 4.90841
50,3043, 3.19933
3043,50, 3.19933
54,3016, 0.0382663
3016,54, 0.0382663
54,3038, 1.09596
3038,54, 1.09596
54,3056, 3.21305
3056,54, 3.21305
54,3068, 8.27545
3068,54, 8.27545
54,3070, 6.15911
3070,54, 6.15911
54,3076, 1.32256
3076,54, 1.32256
55,3019, 1.18951
3019,55, 1.18951
55,3025, 0.978319
3025,55, 0.978319
55,3028, 0.670163
3028,55, 0.670163
55,3035, 0.21164
3035,55, 0.21164
55,3057, 3.19257
3057,55, 3.19257
55,3067, 12.1847
3067,55, 12.1847
55,3079, 1.25447
3079,55, 1.25447
56,3051, 3.39243
3051,56, 3.39243
56,3059, 20.7175
3059,56, 20.7175
58,3021, 3.18303
3021,58, 3.18303
58,3026, 2.80114
3026,58, 2.80114
58,3053, 6.01362
3053,58, 6.01362
58,3058, 3.26599
3058,58, 3.26599
58,3067, 12.3704
3067,58, 12.3704
59,3024, 0.253255
3024,59, 0.253255
59,3037, 1.59544
3037,59, 1.59544
59,3060, 3.1087
3060,59, 3.1087
60,3053, 3.55502
3053,60, 3.55502
60,3060, 6.90641
3060,60, 6.90641
61,3033, 8.9832
3033,61, 8.9832
61,3052, 3.55517
3052,61, 3.55517
62,3015, 6.35784
3015,62, 6.35784
62,3032, 1.86011
3032,62, 1.86011
62,3046, 8.04108
3046,62, 8.04108
62,3055, 9.35628
3055,62, 9.35628
62,3078, 25.7867
3078,62, 25.7867
62,3084, 7.10683
3084,62, 7.10683
63,3001, 1.87701
3001,63, 1.87701
63,3011, 6.55746
3011,63, 6.55746
63,3015, 22.4081
3015,63, 22.4081
63,3018, 1.25109
3018,63, 1.25109
63,3029, 1.93839
3029,63, 1.93839
63,3048, 0.667729
3048,63, 0.667729
63,3055, 36.6944
3055,63, 36.6944
63,3078, 0.327496
3078,63, 0.327496
64,3005, 7.31257
3005,64, 7.31257
64,3006, 8.30912
3006,64, 8.30912
64,3023, 0.828694
3023,64, 0.828694
64,3031, 2.02936
3031,64, 2.02936
64,3078, 27.2952
3078,64, 27.2952
65,3001, 4.79875
3001,65, 4.79875
65,3011, 9.45422
3011,65, 9.45422
65,3015, 25.2583
3015,65, 25.2583
65,3018, 1.63563
3018,65, 1.63563
65,3029, 4.81238
3029,65, 4.81238
65,3048, 2.10197
3048,65, 2.10197
65,3078, 2.95138
3078,65, 2.95138
66,3001, 19.3703
3001,66, 19.3703
66,3011, 14.5912
3011,66, 14.5912
66,3015, 1.31478
3015,66, 1.31478
66,3032, 9.45265
3032,66, 9.45265
66,3046, 0.668113
3046,66, 0.668113
66,3055, 16.5763
3055,66, 16.5763
66,3078, 18.7246
3078,66, 18.7246
66,3089, 6.9293
3089,66, 6.9293
67,3002, 7.08204
3002,67, 7.08204
67,3008, 9.23249
3008,67, 9.23249
67,3027, 1.10445
3027,67, 1.10445
67,3034, 2.05818
3034,67, 2.05818
67,3050, 4.52604
3050,67, 4.52604
68,3005, 9.98283
3005,68, 9.98283
68,3023, 1.82518
3023,68, 1.82518
68,3031, 4.67171
3031,68, 4.67171
69,3002, 8.00145
3002,69, 8.00145
69,3027, 2.01663
3027,69, 2.01663
69,3034, 2.96839
3034,69, 2.96839
69,3050, 5.39876
3050,69, 5.39876
70,3004, 8.20892
3004,70, 8.20892
70,3020, 2.08467
3020,70, 2.08467
70,3030, 0.735145
3030,70, 0.735145
70,3036, 2.17319
3036,70, 2.17319
70,3043, 9.80891
3043,70, 9.80891
71,3007, 5.13058
3007,71, 5.13058
71,3010, 5.95965
3010,71, 5.95965
71,3013, 6.82658
3013,71, 6.82658
71,3017, 4.12244
3017,71, 4.12244
71,3040, 2.34617
3040,71, 2.34617
72,3020, 0.726659
3020,72, 0.726659
72,3030, 2.08747
3030,72, 2.08747
72,3036, 3.52264
3036,72, 3.52264
72,3043, 11.107
3043,72, 11.107
73,3020, 1.9297
3020,73, 1.9297
73,3030, 4.73266
3030,73, 4.73266
73,3036, 6.16218
3036,73, 6.16218
74,3001, 3.84498
3001,74, 3.84498
74,3011, 0.827259
3011,74, 0.827259
74,3015, 16.5742
3015,74, 16.5742
74,3018, 6.86609
3018,74, 6.86609
74,3029, 3.69096
3029,74, 3.69096
74,3046, 13.9811
3046,74, 13.9811
74,3048, 6.05975
3048,74, 6.05975
74,3055, 31.0027
3055,74, 31.0027
74,3078, 4.79115
3078,74, 4.79115
74,3089, 6.86461
3089,74, 6.86461
75,3003, 14.9642
3003,75, 14.9642
75,3014, 12.0245
3014,75, 12.0245
75,3017, 1.94204
3017,75, 1.94204
75,3040, 8.34966
3040,75, 8.34966
76,3001, 24.0328
3001,76, 24.0328
76,3005, 0.308138
3005,76, 0.308138
76,3006, 0.686905
3006,76, 0.686905
76,3023, 8.27673
3023,76, 8.27673
76,3031, 5.43086
3031,76, 5.43086
76,3078, 20.2017
3078,76, 20.2017
77,3001, 24.9745
3001,77, 24.9745
77,3005, 0.651931
3005,77, 0.651931
77,3006, 1.64499
3006,77, 1.64499
77,3023, 7.32105
3023,77, 7.32105
77,3031, 4.47988
3031,77, 4.47988
77,3078, 21.045
3078,77, 21.045
78,3001, 0.171214
3001,78, 0.171214
78,3011, 4.80158
3011,78, 4.80158
78,3015, 20.4592
3015,78, 20.4592
78,3018, 2.89344
3018,78, 2.89344
78,3029, 0.259069
3029,78, 0.259069
78,3048, 2.24977
3048,78, 2.24977
78,3055, 34.6223
3055,78, 34.6223
78,3078, 1.18444
3078,78, 1.18444
79,3002, 1.37778
3002,79, 1.37778
79,3008, 0.769749
3008,79, 0.769749
79,3027, 7.17735
3027,79, 7.17735
79,3034, 6.22384
3034,79, 6.22384
79,3045, 4.19334
3045,79, 4.19334
79,3050, 3.46364
3050,79, 3.46364
80,3004, 0.702684
3004,80, 0.702684
80,3009, 0.812305
3009,80, 0.812305
80,3012, 1.08596
3012,80, 1.08596
80,3030, 7.98464
3030,80, 7.98464
80,3036, 6.55029
3036,80, 6.55029
80,3043, 1.29531
3043,80, 1.29531
81,3004, 0.586893
3004,81, 0.586893
81,3009, 0.926527
3009,81, 0.926527
81,3012, 1.19982
3012,81, 1.19982
81,3030, 7.86407
3030,81, 7.86407
81,3036, 6.43109
3036,81, 6.43109
81,3043, 1.40387
3043,81, 1.40387
82,3002, 0.55037
3002,82, 0.55037
82,3008, 2.68979
3008,82, 2.68979
82,3027, 5.26604
3027,82, 5.26604
82,3034, 4.3164
3034,82, 4.3164
82,3045, 6.01763
3045,82, 6.01763
82,3050, 1.63431
3050,82, 1.63431
83,3007, 0.577297
3007,83, 0.577297
83,3010, 0.249633
3010,83, 0.249633
83,3013, 1.11401
3013,83, 1.11401
83,3017, 9.68371
3017,83, 9.68371
83,3040, 3.25092
3040,83, 3.25092
84,3003, 1.49222
3003,84, 1.49222
84,3014, 1.36368
3014,84, 1.36368
85,3007, 0.202905
3007,85, 0.202905
85,3010, 1.02826
3010,85, 1.02826
85,3013, 1.89104
3013,85, 1.89104
85,3017, 8.90298
3017,85, 8.90298
85,3040, 2.47986
3040,85, 2.47986
86,3004, 0.641027
3004,86, 0.641027
86,3009, 2.14907
3009,86, 2.14907
86,3012, 2.4205
3012,86, 2.4205
86,3020, 9.44326
3020,86, 9.44326
86,3030, 6.64053
3030,86, 6.64053
86,3036, 5.21141
3036,86, 5.21141
86,3043, 2.57015
3043,86, 2.57015
87,3007, 0.987835
3007,87, 0.987835
87,3010, 1.81162
3010,87, 1.81162
87,3013, 2.67278
3013,87, 2.67278
87,3017, 8.1176
3017,87, 8.1176
87,3040, 1.70417
3040,87, 1.70417
88,3003, 0.880221
3003,88, 0.880221
88,3014, 3.71183
3014,88, 3.71183
89,3016, 3.91375
3016,89, 3.91375
89,3038, 2.88232
3038,89, 2.88232
89,3056, 6.82826
3056,89, 6.82826
89,3068, 4.27734
3068,89, 4.27734
89,3070, 2.26427
3070,89, 2.26427
89,3076, 2.33657
3076,89, 2.33657
90,3019, 3.92235
3019,90, 3.92235
90,3025, 3.71779
3025,90, 3.71779
90,3028, 3.42067
3028,90, 3.42067
90,3035, 2.98002
3035,90, 2.98002
90,3057, 5.69461
3057,90, 5.69461
90,3067, 9.03481
3067,90, 9.03481
90,3079, 1.34604
3079,90, 1.34604
91,3019, 3.22476
3019,91, 3.22476
91,3025, 3.0211
3025,91, 3.0211
91,3028, 2.72495
3028,91, 2.72495
91,3035, 2.2854
3035,91, 2.2854
91,3057, 5.02846
3057,91, 5.02846
91,3067, 9.66152
3067,91, 9.66152
91,3079, 0.712444
3079,91, 0.712444
92,3019, 2.93385
3019,92, 2.93385
92,3025, 2.73066
3025,92, 2.73066
92,3028, 2.43508
3028,92, 2.43508
92,3035, 1.99621
3035,92, 1.99621
92,3057, 4.74955
3057,92, 4.74955
92,3067, 9.9159
3067,92, 9.9159
92,3079, 0.449375
3079,92, 0.449375
93,3019, 2.61589
3019,93, 2.61589
93,3025, 2.4132
3025,93, 2.4132
93,3028, 2.1182
3028,93, 2.1182
93,3035, 1.68004
3035,93, 1.68004
93,3057, 4.44493
3057,93, 4.44493
93,3067, 10.1951
3067,93, 10.1951
93,3079, 0.161691
3079,93, 0.161691
94,3024, 4.33
3024,94, 4.33
94,3037, 3.03594
3037,94, 3.03594
94,3052, 6.69589
3052,94, 6.69589
94,3060, 7.31026
3060,94, 7.31026
95,3021, 3.08161
3021,95, 3.08161
95,3026, 2.7174
3026,95, 2.7174
95,3053, 5.67444
3053,95, 5.67444
95,3058, 3.15114
3058,95, 3.15114
95,3067, 11.785
3067,95, 11.785
96,3021, 2.77812
3021,96, 2.77812
96,3026, 2.41454
3026,96, 2.41454
96,3053, 5.95644
3053,96, 5.95644
96,3058, 2.86181
3058,96, 2.86181
96,3067, 11.4981
3067,96, 11.4981
97,3033, 3.67664
3033,97, 3.67664
97,3039, 3.12734
3039,97, 3.12734
98,3033, 3.07106
3033,98, 3.07106
98,3039, 2.52282
3039,98, 2.52282
99,3024, 2.79737
3024,99, 2.79737
99,3037, 1.51133
3037,99, 1.51133
99,3052, 8.13229
3052,99, 8.13229
99,3060, 5.84222
3060,99, 5.84222
1,4001, 0.827152
4001,1, 0.827152
1,4006, 16.5185
4006,1, 16.5185
1,4013, 12.1677
4013,1, 12.1677
1,4083, 4.6073
4083,1, 4.6073
2,4005, 7.37942
4005,2, 7.37942
2,4007, 1.02486
4007,2, 1.02486
2,4009, 1.85
4009,2, 1.85
2,4017, 1.4082
4017,2, 1.4082
2,4019, 4.3351
4019,2, 4.3351
2,4095, 4.41715
4095,2, 4.41715
3,4002, 6.29064
4002,3, 6.29064
3,4014, 4.11317
4014,3, 4.11317
3,4016, 7.06418
4016,3, 7.06418
3,4083, 14.9669
4083,3, 14.9669
3,4092, 7.43564
4092,3, 7.43564
4,4005, 3.88623
4005,4, 3.88623
4,4007, 2.45937
4007,4, 2.45937
4,4009, 5.33043
4009,4, 5.33043
4,4017, 4.90674
4017,4, 4.90674
4,4019, 7.82995
4019,4, 7.82995
4,4095, 0.614246
4095,4, 0.614246
5,4018, 10.2175
4018,5, 10.2175
5,4024, 21.6324
4024,5, 21.6324
5,4073, 12.2251
4073,5, 12.2251
5,4074, 14.4451
4074,5, 14.4451
5,4078, 2.70564
4078,5, 2.70564
5,4085, 24.7013
4085,5, 24.7013
5,4097, 5.06754
4097,5, 5.06754
6,4005, 0.326846
4005,6, 0.326846
6,4007, 6.01019
4007,6, 6.01019
6,4095, 3.26237
4095,6, 3.26237
7,4041, 17.584
4041,7, 17.584
7,4046, 1.41368
4046,7, 1.41368
7,4061, 6.47638
4061,7, 6.47638
7,4077, 11.3517
4077,7, 11.3517
7,4085, 7.61931
4085,7, 7.61931
8,4008, 5.41242
4008,8, 5.41242
8,4012, 12.995
4012,8, 12.995
8,4024, 7.83821
4024,8, 7.83821
8,4080, 8.87807
4080,8, 8.87807
8,4090, 4.7656
4090,8, 4.7656
9,4024, 28.5067
4024,9, 28.5067
9,4074, 6.98079
4074,9, 6.98079
9,4078, 10.1275
4078,9, 10.1275
9,4085, 17.123
4085,9, 17.123
9,4097, 12.5736
4097,9, 12.5736
10,4032, 6.20716
4032,10, 6.20716
10,4041, 1.91083
4041,10, 1.91083
10,4046, 14.1734
4046,10, 14.1734
10,4077, 4.8566
4077,10, 4.8566
10,4085, 23.7989
4085,10, 23.7989
11,4025, 4.96014
4025,11, 4.96014
12,4026, 2.72474
4026,12, 2.72474
12,4027, 4.12974
4027,12, 4.12974
13,4091, 10.6694
4091,13, 10.6694
14,4026, 6.11359
4026,14, 6.11359
14,4027, 7.51808
4027,14, 7.51808
15,4082, 26.6594
4082,15, 26.6594
15,4091, 7.14506
4091,15, 7.14506
18,4031, 6.51116
4031,18, 6.51116
18,4082, 3.55631
4082,18, 3.55631
18,4091, 23.2202
4091,18, 23.2202
19,4031, 19.2047
4031,19, 19.2047
19,4087, 11.5274
4087,19, 11.5274
20,4049, 10.2286
4049,20, 10.2286
20,4087, 13.1893
4087,20, 13.1893
21,4031, 3.34016
4031,21, 3.34016
21,4082, 6.92148
4082,21, 6.92148
22,4049, 7.21148
4049,22, 7.21148
22,4068, 8.59564
4068,22, 8.59564
22,4087, 5.00076
4087,22, 5.00076
23,4049, 4.43106
4049,23, 4.43106
23,4068, 5.80222
4068,23, 5.80222
23,4087, 2.10697
4087,23, 2.10697
24,4052, 0.985497
4052,24, 0.985497
24,4058, 0.716866
4058,24, 0.716866
24,4064, 0.381211
4064,24, 0.381211
24,4066, 0.146702
4066,24, 0.146702
24,4088, 2.79092
4088,24, 2.79092
25,4021, 11.4532
4021,25, 11.4532
25,4083, 42.6459
4083,25, 42.6459
25,4096, 10.6086
4096,25, 10.6086
26,4001, 2.32947
4001,26, 2.32947
26,4006, 16.901
4006,26, 16.901
26,4013, 12.8719
4013,26, 12.8719
26,4083, 2.59268
4083,26, 2.59268
26,4092, 9.77651
4092,26, 9.77651
27,4015, 7.21543
4015,27, 7.21543
27,4020, 2.64009
4020,27, 2.64009
27,4023, 0.392949
4023,27, 0.392949
27,4083, 34.4171
4083,27, 34.4171
27,4093, 9.35494
4093,27, 9.35494
28,4007, 5.12959
4007,28, 5.12959
28,4009, 2.4487
4009,28, 2.4487
28,4017, 2.88266
4017,28, 2.88266
28,4019, 0.152212
4019,28, 0.152212
28,4095, 8.7205
4095,28, 8.7205
29,4001, 2.81896
4001,29, 2.81896
29,4006, 11.642
4006,29, 11.642
29,4013, 7.61775
4013,29, 7.61775
29,4083, 8.20083
4083,29, 8.20083
30,4012, 3.28357
4012,30, 3.28357
30,4018, 2.39526
4018,30, 2.39526
30,4024, 8.23331
4024,30, 8.23331
30,4073, 1.31232
4073,30, 1.31232
30,4078, 10.3049
4078,30, 10.3049
30,4085, 36.1363
4085,30, 36.1363
30,4090, 12.3949
4090,30, 12.3949
30,4097, 8.25457
4097,30, 8.25457
31,4008, 1.92476
4008,31, 1.92476
31,4010, 4.86732
4010,31, 4.86732
31,4022, 8.89244
4022,31, 8.89244
31,4024, 10.4976
4024,31, 10.4976
31,4080, 4.94364
4080,31, 4.94364
31,4090, 7.91074
4090,31, 7.91074
32,4046, 14.2094
4046,32, 14.2094
32,4061, 6.93966
4061,32, 6.93966
32,4074, 3.00789
4074,32, 3.00789
32,4085, 6.39472
4085,32, 6.39472
33,4008, 7.54
4008,33, 7.54
33,4010, 4.64068
4010,33, 4.64068
33,4011, 1.79175
4011,33, 1.79175
33,4022, 0.728889
4022,33, 0.728889
33,4024, 19.9051
4024,33, 19.9051
33,4080, 5.35544
4080,33, 5.35544
33,4090, 18.1653
4090,33, 18.1653
34,4012, 8.27216
4012,34, 8.27216
34,4018, 2.70564
4018,34, 2.70564
34,4024, 13.1804
4024,34, 13.1804
34,4073, 4.13266
4073,34, 4.13266
34,4078, 4.69856
4078,34, 4.69856
34,4085, 30.1033
4085,34, 30.1033
34,4090, 17.7203
4090,34, 17.7203
34,4097, 2.60727
4097,34, 2.60727
35,4032, 6.79916
4032,35, 6.79916
35,4041, 10.8477
4041,35, 10.8477
35,4048, 1.93336
4048,35, 1.93336
35,4057, 4.76993
4057,35, 4.76993
35,4079, 4.17025
4079,35, 4.17025
35,4085, 35.4844
4085,35, 35.4844
36,4012, 1.10677
4012,36, 1.10677
36,4018, 4.45537
4018,36, 4.45537
36,4024, 5.93268
4024,36, 5.93268
36,4073, 3.55055
4073,36, 3.55055
36,4078, 12.3704
4078,36, 12.3704
36,4085, 37.6962
4085,36, 37.6962
36,4090, 9.84345
4090,36, 9.84345
36,4097, 10.395
4097,36, 10.395
37,4024, 28.8067
4024,37, 28.8067
37,4046, 20.4544
4046,37, 20.4544
37,4074, 3.68627
4074,37, 3.68627
37,4078, 12.1432
4078,37, 12.1432
37,4085, 13.0455
4085,37, 13.0455
37,4097, 14.4546
4097,37, 14.4546
38,4032, 13.6406
4032,38, 13.6406
38,4041, 9.69437
4041,38, 9.69437
38,4046, 5.1824
4046,38, 5.1824
38,4077, 3.73788
4077,38, 3.73788
38,4085, 13.808
4085,38, 13.808
40,4033, 5.65271
4033,40, 5.65271
40,4038, 7.57819
4038,40, 7.57819
40,4055, 1.85071
4055,40, 1.85071
40,4063, 1.00042
4063,40, 1.00042
40,4076, 4.74335
4076,40, 4.74335
40,4081, 4.03954
4081,40, 4.03954
44,4033, 1.79054
4033,44, 1.79054
44,4038, 0.111069
4038,44, 0.111069
44,4076, 3.01716
4076,44, 3.01716
44,4081, 11.7888
4081,44, 11.7888
49,4082, 21.5074
4082,49, 21.5074
49,4091, 3.1016
4091,49, 3.1016
50,4035, 1.69435
4035,50, 1.69435
50,4040, 2.94932
4040,50, 2.94932
50,4043, 3.2015
4043,50, 3.2015
50,4059, 7.1406
4059,50, 7.1406
50,4065, 5.947
4065,50, 5.947
50,4075, 2.56034
4075,50, 2.56034
54,4049, 4.41013
4049,54, 4.41013
54,4068, 5.70396
4068,54, 5.70396
54,4087, 2.23656
4087,54, 2.23656
55,4052, 3.64541
4052,55, 3.64541
55,4058, 3.90309
4058,55, 3.90309
55,4064, 4.22416
4064,55, 4.22416
55,4066, 4.72703
4066,55, 4.72703
55,4088, 2.13932
4088,55, 2.13932
56,4031, 11.2113
4031,56, 11.2113
56,4082, 2.17808
4082,56, 2.17808
56,4091, 16.2205
4091,56, 16.2205
58,4053, 2.05183
4053,58, 2.05183
58,4062, 2.47798
4062,58, 2.47798
58,4086, 11.6577
4086,58, 11.6577
58,4089, 1.79365
4089,58, 1.79365
59,4056, 5.70512
4056,59, 5.70512
59,4086, 8.77218
4086,59, 8.77218
59,4094, 1.77677
4094,59, 1.77677
60,4086, 1.30354
4086,60, 1.30354
60,4094, 11.8392
4094,60, 11.8392
61,4084, 1.05364
4084,61, 1.05364
62,4046, 3.94339
4046,62, 3.94339
62,4061, 3.03781
4061,62, 3.03781
62,4074, 12.8418
4074,62, 12.8418
62,4077, 12.8937
4077,62, 12.8937
62,4085, 3.96573
4085,62, 3.96573
63,4032, 5.14494
4032,63, 5.14494
63,4041, 9.03093
4041,63, 9.03093
63,4046, 23.4669
4046,63, 23.4669
63,4048, 0.453888
4048,63, 0.453888
63,4057, 3.17843
4057,63, 3.17843
63,4077, 15.5627
4077,63, 15.5627
63,4079, 5.47374
4079,63, 5.47374
63,4085, 32.7027
4085,63, 32.7027
64,4034, 9.68331
4034,64, 9.68331
64,4051, 0.599537
4051,64, 0.599537
64,4060, 3.06091
4060,64, 3.06091
65,4032, 7.9611
4032,65, 7.9611
65,4041, 11.8519
4041,65, 11.8519
65,4048, 3.3128
4048,65, 3.3128
65,4057, 6.03745
4057,65, 6.03745
65,4079, 2.4927
4079,65, 2.4927
65,4085, 35.6301
4085,65, 35.6301
66,4032, 14.4727
4032,66, 14.4727
66,4041, 10.6944
4041,66, 10.6944
66,4046, 3.57638
4046,66, 3.57638
66,4077, 5.04459
4077,66, 5.04459
66,4085, 11.8123
4085,66, 11.8123
67,4055, 2.09878
4055,67, 2.09878
67,4063, 2.91932
4063,67, 2.91932
67,4076, 8.56695
4076,67, 8.56695
67,4081, 0.138287
4081,67, 0.138287
68,4051, 3.24588
4051,68, 3.24588
68,4060, 5.70744
4060,68, 5.70744
69,4055, 3.03158
4055,69, 3.03158
69,4063, 3.8522
4063,69, 3.8522
69,4076, 9.52432
4076,69, 9.52432
69,4081, 1.10878
4081,69, 1.10878
70,4050, 0.946083
4050,70, 0.946083
70,4059, 1.57945
4059,70, 1.57945
70,4065, 2.74175
4065,70, 2.74175
70,4075, 6.27653
4075,70, 6.27653
71,4039, 6.73147
4039,71, 6.73147
71,4042, 7.43238
4042,71, 7.43238
71,4047, 2.97597
4047,71, 2.97597
71,4069, 2.59129
4069,71, 2.59129
72,4050, 0.413692
4050,72, 0.413692
72,4059, 2.93926
4059,72, 2.93926
72,4065, 4.1017
4065,72, 4.1017
72,4075, 7.67517
4075,72, 7.67517
73,4050, 3.07507
4050,73, 3.07507
73,4059, 5.60067
4059,73, 5.60067
73,4065, 6.76338
4065,73, 6.76338
73,4075, 10.4128
4075,73, 10.4128
74,4032, 0.224166
4032,74, 0.224166
74,4041, 4.05057
4041,74, 4.05057
74,4046, 18.3241
4046,74, 18.3241
74,4048, 4.47846
4048,74, 4.47846
74,4057, 1.78995
4057,74, 1.78995
74,4077, 10.3122
4077,74, 10.3122
74,4079, 10.5426
4079,74, 10.5426
74,4085, 27.2452
4085,74, 27.2452
75,4036, 11.9465
4036,75, 11.9465
75,4045, 9.74861
4045,75, 9.74861
75,4047, 3.1225
4047,75, 3.1225
75,4069, 8.69094
4069,75, 8.69094
76,4034, 3.07754
4034,76, 3.07754
76,4037, 3.95162
4037,76, 3.95162
76,4051, 5.96518
4051,76, 5.96518
76,4060, 3.54521
4060,76, 3.54521
76,4079, 16.8672
4079,76, 16.8672
77,4034, 4.02403
4034,77, 4.02403
77,4037, 4.89816
4037,77, 4.89816
77,4051, 5.00048
4051,77, 5.00048
77,4060, 2.58094
4060,77, 2.58094
78,4032, 4.17675
4032,78, 4.17675
78,4041, 8.0034
4041,78, 8.0034
78,4046, 22.2301
4046,78, 22.2301
78,4048, 0.457378
4048,78, 0.457378
78,4057, 2.22673
4057,78, 2.22673
78,4077, 14.4116
4077,78, 14.4116
78,4079, 6.33902
4079,78, 6.33902
78,4085, 31.3117
4085,78, 31.3117
79,4033, 1.91161
4033,79, 1.91161
79,4038, 3.73307
4038,79, 3.73307
79,4055, 5.25062
4055,79, 5.25062
79,4063, 4.4468
4063,79, 4.4468
79,4076, 0.900841
4076,79, 0.900841
79,4081, 7.47071
4081,79, 7.47071
80,4035, 2.22886
4035,80, 2.22886
80,4040, 3.4305
4040,80, 3.4305
80,4043, 3.6724
4043,80, 3.6724
80,4050, 8.70136
4050,80, 8.70136
80,4059, 6.21738
4059,80, 6.21738
80,4065, 5.07486
4065,80, 5.07486
80,4075, 1.81801
4075,80, 1.81801
80,4081, 20.1639
4081,80, 20.1639
81,4035, 2.39002
4035,81, 2.39002
81,4040, 3.5908
4040,81, 3.5908
81,4043, 3.83262
4043,81, 3.83262
81,4050, 8.52802
4050,81, 8.52802
81,4059, 6.04613
4059,81, 6.04613
