2003,18029, 0.24044
18029,2003, 0.24044
2004,18032, 0.867561
18032,2004, 0.867561
5004,17046, 1.27629
17046,5004, 1.27629
2005,18034, 1.36355
18034,2005, 1.36355
2006,18016, 1.56079
18016,2006, 1.56079
2006,18030, 2.19842
18030,2006, 2.19842
2006,18032, 2.62334
18032,2006, 2.62334
2008,18012, 1.19156
18012,2008, 1.19156
2008,18023, 0.144895
18023,2008, 0.144895
2009,18015, 0.217048
18015,2009, 0.217048
2009,18016, 2.52681
18016,2009, 2.52681
2009,18028, 0.627216
18028,2009, 0.627216
2009,18030, 1.5645
18030,2009, 1.5645
7016,21040, 1.09579
21040,7016, 1.09579
2010,18022, 1.06899
18022,2010, 1.06899
7018,21039, 2.39227
21039,7018, 2.39227
2012,18038, 0.261627
18038,2012, 0.261627
2012,18039, 0.98463
18039,2012, 0.98463
7021,21037, 0.384342
21037,7021, 0.384342
5010,17048, 1.51886
17048,5010, 1.51886
7022,21040, 0.0877328
21040,7022, 0.0877328
2013,18020, 2.06191
18020,2013, 2.06191
2013,18033, 1.50126
18033,2013, 1.50126
14011,20007, 0.726766
20007,14011, 0.726766
14011,20011, 2.1273
20011,14011, 2.1273
14011,20013, 1.09049
20013,14011, 1.09049
7025,21039, 0.789751
21039,7025, 0.789751
14012,20012, 1.4493
20012,14012, 1.4493
5013,17051, 0.407655
17051,5013, 0.407655
14013,20016, 0.990884
20016,14013, 0.990884
5014,17049, 1.32397
17049,5014, 1.32397
14014,20014, 0.67254
20014,14014, 0.67254
14014,20015, 0.292027
20015,14014, 0.292027
7031,21034, 0.639944
21034,7031, 0.639944
14015,20017, 1.0178
20017,14015, 1.0178
14015,20019, 0.833166
20019,14015, 0.833166
14016,20014, 0.634294
20014,14016, 0.634294
14016,20015, 0.252724
20015,14016, 0.252724
1016,12088, 2.04125
12088,1016, 2.04125
1016,12099, 2.4733
12099,1016, 2.4733
14017,20007, 0.771774
20007,14017, 0.771774
14017,20011, 0.770542
20011,14017, 0.770542
14017,20013, 0.269488
20013,14017, 0.269488
14018,20017, 0.74891
20017,14018, 0.74891
14018,20019, 0.921745
20019,14018, 0.921745
14019,20031, 0.914302
20031,14019, 0.914302
2026,18004, 2.41921
18004,2026, 2.41921
14020,20034, 1.784
20034,14020, 1.784
1021,12096, 1.87454
12096,1021, 1.87454
14021,20033, 1.71582
20033,14021, 1.71582
2029,18001, 1.55374
18001,2029, 1.55374
14022,20036, 1.76716
20036,14022, 1.76716
14023,20043, 2.02659
20043,14023, 2.02659
14024,20040, 1.88858
20040,14024, 1.88858
1025,12091, 1.63293
12091,1025, 1.63293
14025,20037, 1.96533
20037,14025, 1.96533
29,10016, 2.5338
10016,29, 2.5338
1026,12105, 0.346011
12105,1026, 0.346011
14026,20035, 1.95167
20035,14026, 1.95167
14027,20032, 1.90857
20032,14027, 1.90857
5029,17048, 0.0644258
17048,5029, 0.0644258
14028,20041, 2.14372
20041,14028, 2.14372
7066,21033, 2.23968
21033,7066, 2.23968
5030,17044, 1.12005
17044,5030, 1.12005
1029,12097, 1.30864
12097,1029, 1.30864
33,10017, 2.54681
10017,33, 2.54681
14029,20038, 2.14456
20038,14029, 2.14456
5031,17043, 1.93755
17043,5031, 1.93755
34,10017, 1.87338
10017,34, 1.87338
1030,12102, 1.26109
12102,1030, 1.26109
14030,20039, 2.24369
20039,14030, 2.24369
5032,17049, 0.627995
17049,5032, 0.627995
14031,20042, 2.46874
20042,14031, 2.46874
7072,21032, 1.81352
21032,7072, 1.81352
36,10026, 0.265959
10026,36, 0.265959
2043,18068, 0.204645
18068,2043, 0.204645
1032,12091, 2.47275
12091,1032, 2.47275
3040,11038, 1.14927
11038,3040, 1.14927
1032,12101, 0.812989
12101,1032, 0.812989
14032,20040, 1.02531
20040,14032, 1.02531
14032,20044, 2.76733
20044,14032, 2.76733
5034,17037, 0.696229
17037,5034, 0.696229
37,10024, 1.4931
10024,37, 1.4931
38,10018, 0.62272
10018,38, 0.62272
14033,20093, 0.508167
20093,14033, 0.508167
1034,12090, 2.74584
12090,1034, 2.74584
2047,18025, 0.0916972
18025,2047, 0.0916972
14034,20095, 1.10868
20095,14034, 1.10868
14035,20069, 2.72463
20069,14035, 2.72463
14035,20071, 2.87592
20071,14035, 2.87592
14035,20072, 2.82156
20072,14035, 2.82156
1036,12090, 0.550727
12090,1036, 0.550727
14036,20070, 2.84372
20070,14036, 2.84372
2050,18035, 1.56122
18035,2050, 1.56122
14036,20076, 2.66368
20076,14036, 2.66368
14037,20066, 1.16253
20066,14037, 1.16253
14037,20067, 1.31411
20067,14037, 1.31411
44,10017, 0.100953
10017,44, 0.100953
5041,17016, 2.05069
17016,5041, 2.05069
7095,21007, 0.162319
21007,7095, 0.162319
50,10017, 0.236932
10017,50, 0.236932
5047,17044, 1.4073
17044,5047, 1.4073
5047,17047, 1.96284
17047,5047, 1.96284
5048,17043, 0.151734
17043,5048, 0.151734
56,10002, 0.72008
10002,56, 0.72008
5053,17039, 1.05404
17039,5053, 1.05404
1054,12107, 0.243377
12107,1054, 0.243377
5057,17023, 1.08863
17023,5057, 1.08863
62,10064, 1.77643
10064,62, 1.77643
62,10066, 0.313765
10066,62, 0.313765
65,10028, 1.5927
10028,65, 1.5927
5061,17007, 2.43342
17007,5061, 2.43342
1059,12100, 1.1448
12100,1059, 1.1448
2081,18049, 1.45549
18049,2081, 1.45549
2081,18051, 0.661645
18051,2081, 0.661645
66,10061, 1.4108
10061,66, 1.4108
66,10062, 2.10791
10062,66, 2.10791
1060,12108, 0.407041
12108,1060, 0.407041
14062,20068, 2.21876
20068,14062, 2.21876
14063,20080, 2.32721
20080,14063, 2.32721
5067,17005, 0.050726
17005,5067, 0.050726
73,10049, 2.54506
10049,73, 2.54506
2091,18066, 2.64489
18066,2091, 2.64489
2091,18067, 1.56809
18067,2091, 1.56809
75,10067, 0.638876
10067,75, 0.638876
5071,17004, 1.17611
17004,5071, 1.17611
76,10074, 2.44885
10074,76, 2.44885
2096,18058, 0.571754
18058,2096, 0.571754
78,10075, 0.403723
10075,78, 0.403723
14010,21030, 2.05253
21030,14010, 2.05253
2034,13064, 0.310938
13064,2034, 0.310938
2098,18041, 1.42218
18041,2098, 1.42218
78,10081, 0.136979
10081,78, 0.136979
2098,18054, 0.0831413
18054,2098, 0.0831413
2098,18055, 0.308353
18055,2098, 0.308353
2099,18041, 1.5463
18041,2099, 1.5463
2099,18054, 0.193462
18054,2099, 0.193462
2099,18055, 0.196609
18055,2099, 0.196609
80,10043, 0.101163
10043,80, 0.101163
2100,18049, 0.500577
18049,2100, 0.500577
2100,18051, 1.24351
18051,2100, 1.24351
81,10044, 0.378814
10044,81, 0.378814
2101,18064, 0.296793
18064,2101, 0.296793
2102,18066, 0.213056
18066,2102, 0.213056
2102,18067, 0.799019
18067,2102, 0.799019
82,10046, 0.733449
10046,82, 0.733449
5079,17057, 2.73094
17057,5079, 2.73094
2039,13082, 0.506536
13082,2039, 0.506536
5080,17053, 2.85236
17053,5080, 2.85236
14022,21018, 0.151749
21018,14022, 0.151749
2105,18080, 0.65691
18080,2105, 0.65691
5008,7079, 0.446977
7079,5008, 0.446977
2043,13027, 0.139961
13027,2043, 0.139961
5009,7055, 2.22655
7055,5009, 2.22655
5009,7060, 1.5551
7060,5009, 1.5551
87,10073, 1.02496
10073,87, 1.02496
2044,13080, 1.72842
13080,2044, 1.72842
14028,21021, 2.10816
21021,14028, 2.10816
2045,13039, 0.249262
13039,2045, 0.249262
2045,13046, 2.20577
13046,2045, 2.20577
14030,21012, 2.04887
21012,14030, 2.04887
14031,21010, 1.77388
21010,14031, 1.77388
5086,17061, 2.68476
17061,5086, 2.68476
2048,13071, 2.53234
13071,2048, 2.53234
2048,13073, 2.36489
13073,2048, 2.36489
92,10038, 0.922524
10038,92, 0.922524
14039,21004, 2.90925
21004,14039, 2.90925
2051,13076, 1.97028
13076,2051, 1.97028
2051,13077, 1.79776
13077,2051, 1.79776
2053,13086, 1.57026
13086,2053, 1.57026
2121,18072, 0.322761
18072,2121, 0.322761
2056,13016, 2.50393
13016,2056, 2.50393
2056,13017, 2.24286
13017,2056, 2.24286
2123,18074, 0.0100578
18074,2123, 0.0100578
99,10035, 2.1688
10035,99, 2.1688
99,10037, 0.0222754
10037,99, 0.0222754
2125,18071, 2.02037
18071,2125, 2.02037
2059,13084, 0.563566
13084,2059, 0.563566
2007,8079, 1.22926
8079,2007, 1.22926
5024,7088, 2.30754
7088,5024, 2.30754
14059,21031, 1.56754
21031,14059, 1.56754
2063,13013, 2.7615
13013,2063, 2.7615
2011,8037, 2.62219
8037,2011, 2.62219
2011,8061, 1.59952
8061,2011, 1.59952
14001,22047, 2.53436
22047,14001, 2.53436
2012,8079, 2.77655
8079,2012, 2.77655
11004,16027, 2.81164
16027,11004, 2.81164
5030,7068, 1.06467
7068,5030, 1.06467
3011,18078, 0.918335
18078,3011, 0.918335
11005,16004, 2.51026
16004,11005, 2.51026
2013,8086, 2.36961
8086,2013, 2.36961
2013,8087, 2.42023
8087,2013, 2.42023
11005,16028, 2.15949
16028,11005, 2.15949
3012,18080, 2.06808
18080,3012, 2.06808
5031,7070, 1.45496
7070,5031, 1.45496
5031,7081, 2.97525
7081,5031, 2.97525
2070,13040, 1.96437
13040,2070, 1.96437
3013,18080, 2.56019
18080,3013, 2.56019
5032,7074, 0.331958
7074,5032, 0.331958
5033,7067, 0.274643
7067,5033, 0.274643
14006,22046, 2.36938
22046,14006, 2.36938
5033,7077, 0.522655
7077,5033, 0.522655
3016,18079, 0.988693
18079,3016, 0.988693
5034,7095, 2.14434
7095,5034, 2.14434
14008,22025, 2.06226
22025,14008, 2.06226
11010,16026, 1.61395
16026,11010, 1.61395
14009,22025, 2.83713
22025,14009, 2.83713
5036,7067, 0.214862
7067,5036, 0.214862
5036,7077, 1.02174
7077,5036, 1.02174
2018,8071, 2.58621
8071,2018, 2.58621
11011,16004, 2.29185
16004,11011, 2.29185
11011,16028, 2.01798
16028,11011, 2.01798
6014,12018, 0.832665
12018,6014, 0.832665
11013,16005, 2.57791
16005,11013, 2.57791
11013,16029, 1.6117
16029,11013, 1.6117
2020,8065, 2.05485
8065,2020, 2.05485
5039,7096, 1.87837
7096,5039, 1.87837
11014,16003, 2.80389
16003,11014, 2.80389
2021,8071, 1.87145
8071,2021, 1.87145
6016,12014, 2.18127
12014,6016, 2.18127
11015,16030, 1.01667
16030,11015, 1.01667
6016,12106, 0.745111
12106,6016, 0.745111
3025,18075, 0.883282
18075,3025, 0.883282
2022,8065, 2.51606
8065,2022, 2.51606
5041,7097, 2.84543
7097,5041, 2.84543
11016,16032, 2.17376
16032,11016, 2.17376
2023,8103, 0.456565
8103,2023, 0.456565
5043,7073, 0.477589
7073,5043, 0.477589
3028,18073, 0.142277
18073,3028, 0.142277
11018,16068, 2.34191
16068,11018, 2.34191
11019,16034, 1.55891
16034,11019, 1.55891
6020,12097, 0.796836
12097,6020, 0.796836
5045,7097, 1.42102
7097,5045, 1.42102
6020,12103, 1.96212
12103,6020, 1.96212
14019,22065, 0.948364
22065,14019, 0.948364
11020,16035, 0.787194
16035,11020, 0.787194
11020,16057, 2.13485
16057,11020, 2.13485
14019,22090, 0.0785748
22090,14019, 0.0785748
2026,8077, 1.13108
8077,2026, 1.13108
5047,7040, 1.40974
7040,5047, 1.40974
2027,8076, 0.142132
8076,2027, 0.142132
11022,16063, 0.0963538
16063,11022, 0.0963538
11023,16075, 2.67057
16075,11023, 2.67057
11023,16076, 0.27667
16076,11023, 0.27667
11024,16041, 0.00883931
16041,11024, 0.00883931
2029,8076, 1.4497
8076,2029, 1.4497
2029,8078, 2.13967
8078,2029, 2.13967
5050,7101, 0.779393
7101,5050, 0.779393
6025,12074, 2.69221
12074,6025, 2.69221
3037,18070, 1.67397
18070,3037, 1.67397
11025,16013, 0.53477
16013,11025, 0.53477
11025,16042, 0.45846
16042,11025, 0.45846
5051,7094, 0.894516
7094,5051, 0.894516
14025,22041, 1.86263
22041,14025, 1.86263
11026,16074, 2.28638
16074,11026, 2.28638
2031,8076, 2.75082
8076,2031, 2.75082
2031,8078, 0.839484
8078,2031, 0.839484
5053,7093, 0.695783
7093,5053, 0.695783
3041,18068, 2.93188
18068,3041, 2.93188
11028,16022, 1.89497
16022,11028, 1.89497
14028,22068, 2.02031
22068,14028, 2.02031
14029,22059, 1.51065
22059,14029, 1.51065
2034,8036, 2.33575
8036,2034, 2.33575
14030,22061, 1.77183
22061,14030, 1.77183
11031,16016, 2.40427
16016,11031, 2.40427
14031,22057, 2.97084
22057,14031, 2.97084
14031,22060, 1.97615
22060,14031, 1.97615
14032,22019, 2.14279
22019,14032, 2.14279
11032,16049, 0.683795
16049,11032, 0.683795
2102,13008, 2.43134
13008,2102, 2.43134
11032,16089, 1.04474
16089,11032, 1.04474
5059,7100, 2.87462
7100,5059, 2.87462
3049,18065, 2.81352
18065,3049, 2.81352
3050,18065, 2.97436
18065,3050, 2.97436
2104,13084, 1.77228
13084,2104, 1.77228
5061,7099, 2.17118
7099,5061, 2.17118
3051,18064, 1.09812
18064,3051, 1.09812
11035,16097, 0.797164
16097,11035, 0.797164
2106,13017, 1.67235
13017,2106, 1.67235
3052,18048, 1.67053
18048,3052, 1.67053
3052,18064, 0.753552
18064,3052, 0.753552
3053,18052, 0.64295
18052,3053, 0.64295
2107,13022, 1.40413
13022,2107, 1.40413
5064,7098, 0.813306
7098,5064, 0.813306
3055,18039, 0.373103
18039,3055, 0.373103
3056,18039, 1.62803
18039,3056, 1.62803
3057,18049, 1.20293
18049,3057, 1.20293
3057,18051, 1.1616
18051,3057, 1.1616
14040,22093, 2.71059
22093,14040, 2.71059
3058,18049, 0.363683
18049,3058, 0.363683
3058,18051, 1.97512
18051,3058, 1.97512
2043,8027, 1.42369
8027,2043, 1.42369
2045,8030, 2.90814
8030,2045, 2.90814
2045,8054, 1.07842
8054,2045, 1.07842
14044,22092, 1.19457
22092,14044, 1.19457
14044,22094, 0.974881
22094,14044, 0.974881
14045,22087, 2.17877
22087,14045, 2.17877
14045,22088, 0.21964
22088,14045, 0.21964
14045,22091, 2.31268
22091,14045, 2.31268
11045,16054, 1.70598
16054,11045, 1.70598
14046,22078, 1.36782
22078,14046, 1.36782
14047,22095, 2.87318
22095,14047, 2.87318
14047,22097, 0.662231
22097,14047, 0.662231
11047,16054, 0.351343
16054,11047, 0.351343
3067,18020, 0.263296
18020,3067, 0.263296
6048,12048, 2.59271
12048,6048, 2.59271
2049,8031, 2.08983
8031,2049, 2.08983
3068,18017, 2.28126
18017,3068, 2.28126
11048,16051, 0.115863
16051,11048, 0.115863
2049,8058, 2.47718
8058,2049, 2.47718
2120,13082, 0.789423
13082,2120, 0.789423
2121,13011, 0.294684
13011,2121, 0.294684
2049,8081, 0.457994
8081,2049, 0.457994
14049,22094, 1.06728
22094,14049, 1.06728
14049,22096, 1.1268
22096,14049, 1.1268
3071,18017, 0.396891
18017,3071, 0.396891
3071,18018, 1.80222
18018,3071, 1.80222
14051,22088, 1.99276
22088,14051, 1.99276
14051,22091, 0.55125
22091,14051, 0.55125
3072,18015, 2.83844
18015,3072, 2.83844
2052,8017, 2.69241
8017,2052, 2.69241
3073,18015, 1.02801
18015,3073, 1.02801
3073,18016, 1.8717
18016,3073, 1.8717
3074,18011, 1.89542
18011,3074, 1.89542
2053,8023, 1.41027
8023,2053, 1.41027
3074,18013, 2.94464
18013,3074, 2.94464
2053,8024, 2.31607
8024,2053, 2.31607
14053,22097, 2.68922
22097,14053, 2.68922
2126,13076, 0.811329
13076,2126, 0.811329
3075,18011, 1.20749
18011,3075, 1.20749
3075,18013, 2.26458
18013,3075, 2.26458
2127,13029, 0.500888
13029,2127, 0.500888
14054,22094, 2.99083
22094,14054, 2.99083
14054,22096, 0.786025
22096,14054, 0.786025
2054,8037, 2.73048
8037,2054, 2.73048
3076,18010, 0.950291
18010,3076, 0.950291
3076,18012, 2.74925
18012,3076, 2.74925
2054,8062, 1.51272
8062,2054, 1.51272
2054,8083, 0.593057
8083,2054, 0.593057
3077,18011, 0.0300882
18011,3077, 0.0300882
3077,18013, 1.03773
18013,3077, 1.03773
3077,18014, 2.15127
18014,3077, 2.15127
2055,8034, 0.417943
8034,2055, 0.417943
6056,12040, 2.11317
12040,6056, 2.11317
14056,22091, 1.2777
22091,14056, 1.2777
3078,18031, 2.64782
18031,3078, 2.64782
13002,18035, 1.85125
18035,13002, 1.85125
2056,8001, 1.11443
8001,2056, 1.11443
2056,8003, 0.503817
8003,2056, 0.503817
2056,8038, 1.99614
8038,2056, 1.99614
11057,16031, 1.39212
16031,11057, 1.39212
13003,18037, 1.79298
18037,13003, 1.79298
6057,12108, 2.41918
12108,6057, 2.41918
2056,8085, 1.04234
8085,2056, 1.04234
3080,18010, 2.61639
18010,3080, 2.61639
3080,18012, 1.15301
18012,3080, 1.15301
6058,12108, 0.993343
12108,6058, 0.993343
3081,18007, 2.12587
18007,3081, 2.12587
11058,16088, 0.232676
16088,11058, 0.232676
3081,18034, 2.68301
18034,3081, 2.68301
3083,18028, 1.69792
18028,3083, 1.69792
3083,18030, 2.54451
18030,3083, 2.54451
6061,12005, 1.69672
12005,6061, 1.69672
6061,12045, 2.85062
12045,6061, 2.85062
3084,18016, 2.93117
18016,3084, 2.93117
6062,12001, 1.35273
12001,6062, 1.35273
2060,8040, 1.89972
8040,2060, 1.89972
11061,16088, 1.95864
16088,11061, 1.95864
3087,18023, 2.2024
18023,3087, 2.2024
6064,12005, 0.946328
12005,6064, 0.946328
14064,22098, 2.10897
22098,14064, 2.10897
6064,12045, 2.24106
12045,6064, 2.24106
3088,18022, 1.31673
18022,3088, 1.31673
2062,8046, 2.67007
8046,2062, 2.67007
11064,16032, 0.402111
16032,11064, 0.402111
2062,8049, 2.00605
8049,2062, 2.00605
14065,22065, 2.98841
22065,14065, 2.98841
2062,8066, 2.65489
8066,2062, 2.65489
2062,8067, 1.74601
8067,2062, 1.74601
6065,12002, 1.63951
12002,6065, 1.63951
13013,18051, 0.662608
18051,13013, 0.662608
13013,18067, 0.947025
18067,13013, 0.947025
13013,18070, 2.65459
18070,13013, 2.65459
2063,8049, 2.405
8049,2063, 2.405
11065,16071, 2.73887
16071,11065, 2.73887
6066,12006, 0.276074
12006,6066, 0.276074
2063,8067, 2.62661
8067,2063, 2.62661
2063,8068, 1.8369
8068,2063, 1.8369
2063,8089, 0.352265
8089,2063, 0.352265
15002,16024, 1.96094
16024,15002, 1.96094
2064,8045, 0.954017
8045,2064, 0.954017
13015,18072, 0.708366
18072,13015, 0.708366
13015,18074, 1.77942
18074,13015, 1.77942
13016,18071, 2.99115
18071,13016, 2.99115
2065,8018, 2.68921
8018,2065, 2.68921
2065,8019, 0.58765
8019,2065, 0.58765
15004,16028, 2.81084
16028,15004, 2.81084
15004,16029, 1.82642
16029,15004, 1.82642
13017,18073, 2.75674
18073,13017, 2.75674
13017,18075, 0.145391
18075,13017, 0.145391
2066,8048, 1.33139
8048,2066, 1.33139
11069,16034, 1.20787
16034,11069, 1.20787
2067,8019, 1.86002
8019,2067, 1.86002
15006,16027, 2.67651
16027,15006, 2.67651
7005,12065, 2.66719
12065,7005, 2.66719
15006,16028, 2.09514
16028,15006, 2.09514
1001,8031, 2.34364
8031,1001, 2.34364
13021,18036, 1.57516
18036,13021, 1.57516
15007,16027, 1.85101
16027,15007, 1.85101
13021,18074, 0.901042
18074,13021, 0.901042
13021,18077, 1.73916
18077,13021, 1.73916
1002,8037, 0.569227
8037,1002, 0.569227
1002,8038, 2.91674
8038,1002, 2.91674
13022,18075, 2.91551
18075,13022, 2.91551
15008,16009, 0.423023
16009,15008, 0.423023
2069,8024, 1.94399
8024,2069, 1.94399
1003,8021, 0.470709
8021,1003, 0.470709
11073,16039, 2.5053
16039,11073, 2.5053
11073,16041, 1.71235
16041,11073, 1.71235
1003,8046, 0.0706517
8046,1003, 0.0706517
1003,8049, 0.670378
8049,1003, 0.670378
15009,16032, 2.51581
16032,15009, 2.51581
15009,16034, 1.88476
16034,15009, 1.88476
2070,8007, 1.45008
8007,2070, 1.45008
11074,16011, 2.266
16011,11074, 2.266
2070,8055, 2.56886
8055,2070, 2.56886
2070,8057, 1.44625
8057,2070, 1.44625
1004,8037, 1.7393
8037,1004, 1.7393
2070,8093, 2.23449
8093,2070, 2.23449
6014,22082, 2.06079
22082,6014, 2.06079
13026,18036, 0.826114
18036,13026, 0.826114
11075,16035, 2.75851
16035,11075, 2.75851
13026,18077, 0.80603
18077,13026, 0.80603
11075,16057, 0.890664
16057,11075, 0.890664
1005,8028, 0.555772
8028,1005, 0.555772
15011,16031, 2.082
16031,15011, 2.082
15011,16032, 2.31975
16032,15011, 2.31975
1005,8055, 0.651831
8055,1005, 0.651831
1005,8057, 1.90528
8057,1005, 1.90528
13027,18078, 0.573878
18078,13027, 0.573878
11076,16048, 0.977537
16048,11076, 0.977537
2072,8026, 2.391
8026,2072, 2.391
11076,16049, 2.84423
16049,11076, 2.84423
7011,12056, 2.776
12056,7011, 2.776
1006,8013, 2.6548
8013,1006, 2.6548
1006,8030, 0.397466
8030,1006, 0.397466
11076,16089, 2.22319
16089,11076, 2.22319
1006,8031, 2.88288
8031,1006, 2.88288
15012,16031, 2.20372
16031,15012, 2.20372
2073,8007, 2.36636
8007,2073, 2.36636
2073,8010, 0.304095
8010,2073, 0.304095
1007,8021, 2.21096
8021,1007, 2.21096
2073,8057, 2.2536
8057,2073, 2.2536
1007,8046, 2.57129
8046,1007, 2.57129
11078,16022, 2.91422
16022,11078, 2.91422
2073,8093, 1.33608
8093,2073, 1.33608
15014,16014, 1.45754
16014,15014, 1.45754
11078,16086, 2.95153
16086,11078, 2.95153
15014,16015, 2.53316
16015,15014, 2.53316
2074,8026, 0.521103
8026,2074, 0.521103
7014,12025, 1.73246
12025,7014, 1.73246
7014,12029, 2.18705
12029,7014, 2.18705
7014,12031, 1.29244
12031,7014, 1.29244
11080,16011, 2.50776
16011,11080, 2.50776
1009,8028, 2.53297
8028,1009, 2.53297
6020,22080, 2.24682
22080,6020, 2.24682
2075,8054, 0.887252
8054,2075, 0.887252
11080,16040, 0.832145
16040,11080, 0.832145
1009,8055, 2.60046
8055,1009, 2.60046
2076,8026, 2.35719
8026,2076, 2.35719
2076,8039, 1.54649
8039,2076, 1.54649
1010,8060, 2.79631
8060,1010, 2.79631
11082,16013, 0.719101
16013,11082, 0.719101
15017,16039, 1.92458
16039,15017, 1.92458
15017,16041, 2.52959
16041,15017, 2.52959
2077,8004, 0.627313
8004,2077, 0.627313
11082,16042, 1.72427
16042,11082, 1.72427
2077,8059, 1.64631
8059,2077, 1.64631
2077,8095, 2.47936
8095,2077, 2.47936
2077,8096, 0.10784
8096,2077, 0.10784
15018,16039, 2.84921
16039,15018, 2.84921
15018,16068, 1.56666
16068,15018, 1.56666
7018,12061, 2.39515
12061,7018, 2.39515
1012,8060, 1.60028
8060,1012, 1.60028
7018,12068, 0.468942
12068,7018, 0.468942
2078,8058, 1.46586
8058,2078, 1.46586
2078,8081, 0.503831
8081,2078, 0.503831
13038,18080, 2.91261
18080,13038, 2.91261
15019,16061, 0.524367
16061,15019, 0.524367
7019,12062, 1.93016
12062,7019, 1.93016
1013,8060, 0.404762
8060,1013, 0.404762
2079,8060, 2.79448
8060,2079, 2.79448
1014,8011, 0.270217
8011,1014, 0.270217
15020,16068, 2.61792
16068,15020, 2.61792
7020,12061, 0.926754
12061,7020, 0.926754
7020,12068, 2.82701
12068,7020, 2.82701
2080,8032, 1.46269
8032,2080, 1.46269
11086,16070, 0.869784
16070,11086, 0.869784
11087,16018, 0.886288
16018,11087, 0.886288
7022,12064, 1.74599
12064,7022, 1.74599
7023,12023, 1.16469
12023,7023, 1.16469
2082,8032, 0.979582
8032,2082, 0.979582
2082,8033, 1.92167
8033,2082, 1.92167
7023,12036, 2.84189
12036,7023, 2.84189
7024,12025, 2.86066
12025,7024, 2.86066
7024,12031, 2.43601
12031,7024, 2.43601
1018,8027, 2.01623
8027,1018, 2.01623
2084,8037, 1.53483
8037,2084, 1.53483
2084,8061, 0.572243
8061,2084, 0.572243
1019,8031, 1.99259
8031,1019, 1.99259
2085,8062, 0.818462
8062,2085, 0.818462
2085,8083, 0.073154
8083,2085, 0.073154
7027,12063, 0.105762
12063,7027, 0.105762
7027,12069, 1.52453
12069,7027, 1.52453
2086,8033, 0.252209
8033,2086, 0.252209
15028,16046, 1.35075
16046,15028, 1.35075
15028,16073, 2.27109
16073,15028, 2.27109
2087,8041, 1.04619
8041,2087, 1.04619
2088,8001, 0.791384
8001,2088, 0.791384
2088,8003, 1.38669
8003,2088, 1.38669
1023,8038, 1.56565
8038,1023, 1.56565
2088,8064, 1.4409
8064,2088, 1.4409
2088,8085, 2.77961
8085,2088, 2.77961
7030,12085, 2.10094
12085,7030, 2.10094
1024,8059, 0.934384
8059,1024, 0.934384
2089,8065, 1.2614
8065,2089, 1.2614
1025,8049, 2.85367
8049,1025, 2.85367
2090,8046, 0.53333
8046,2090, 0.53333
2090,8066, 0.520711
8066,2090, 0.520711
15033,16049, 0.840415
16049,15033, 0.840415
1026,8057, 1.91118
8057,1026, 1.91118
1026,8059, 0.786248
8059,1026, 0.786248
7034,12027, 0.306939
12027,7034, 0.306939
7034,12030, 0.0655524
12030,7034, 0.0655524
7034,12032, 0.252173
12032,7034, 0.252173
1027,8074, 1.45232
8074,1027, 1.45232
1027,8082, 2.58633
8082,1027, 2.58633
15035,16024, 0.519304
16024,15035, 0.519304
2092,8049, 1.03329
8049,2092, 1.03329
2092,8067, 0.78404
8067,2092, 0.78404
1028,8060, 2.3944
8060,1028, 2.3944
15036,16028, 2.99991
16028,15036, 2.99991
15036,16029, 0.950919
16029,15036, 0.950919
7036,12034, 2.83522
12034,7036, 2.83522
2093,8068, 1.05717
8068,2093, 1.05717
2093,8089, 0.391714
8089,2093, 0.391714
2093,8090, 2.53106
8090,2093, 2.53106
1029,8091, 1.81437
8091,1029, 1.81437
1029,8092, 1.62338
8092,1029, 1.62338
1030,8075, 1.87894
8075,1030, 1.87894
1030,8084, 1.76296
8084,1030, 1.76296
7038,12024, 2.69378
12024,7038, 2.69378
1030,8086, 1.8398
8086,1030, 1.8398
1030,8087, 1.61088
8087,1030, 1.61088
1030,8088, 1.39478
8088,1030, 1.39478
2095,8055, 2.14288
8055,2095, 2.14288
2095,8070, 0.281332
8070,2095, 0.281332
15039,16032, 1.86894
16032,15039, 1.86894
15039,16034, 1.90468
16034,15039, 1.90468
1031,8091, 1.34994
8091,1031, 1.34994
1031,8092, 1.1589
8092,1031, 1.1589
7039,12079, 1.41032
12079,7039, 1.41032
1032,8075, 2.35724
8075,1032, 2.35724
1032,8084, 1.29885
8084,1032, 1.29885
1032,8086, 1.376
8086,1032, 1.376
1032,8087, 1.14699
8087,1032, 1.14699
1032,8088, 0.930816
8088,1032, 0.930816
15041,16013, 2.8202
16013,15041, 2.8202
2097,8071, 1.47829
8071,2097, 1.47829
1033,8102, 1.56255
8102,1033, 1.56255
1033,8104, 0.95377
8104,1033, 0.95377
15042,16034, 0.998301
16034,15042, 0.998301
1034,8075, 2.4844
8075,1034, 2.4844
1034,8084, 1.179
8084,1034, 1.179
1034,8086, 1.25632
8086,1034, 1.25632
7042,12080, 1.12795
12080,7042, 1.12795
1034,8087, 1.02705
8087,1034, 1.02705
1034,8088, 0.810639
8088,1034, 0.810639
13072,18012, 0.414448
18012,13072, 0.414448
1035,8074, 0.95661
8074,1035, 0.95661
1035,8080, 1.01613
8080,1035, 1.01613
1035,8082, 0.237095
8082,1035, 0.237095
6054,22050, 0.308141
22050,6054, 0.308141
1036,8099, 0.554999
8099,1036, 0.554999
1036,8100, 0.538975
8100,1036, 0.538975
13075,18014, 2.68202
18014,13075, 2.68202
15045,16017, 0.0598192
16017,15045, 0.0598192
15045,16035, 0.00893747
16035,15045, 0.00893747
1037,8094, 0.47001
8094,1037, 0.47001
1037,8097, 0.227134
8097,1037, 0.227134
1038,8099, 0.257443
8099,1038, 0.257443
13078,18014, 0.178403
18014,13078, 0.178403
1038,8100, 0.241529
8100,1038, 0.241529
13078,18016, 2.65981
18016,13078, 2.65981
2103,8080, 1.09158
8080,2103, 1.09158
15048,16016, 0.419168
16016,15048, 0.419168
1039,8102, 0.103292
8102,1039, 0.103292
1039,8104, 0.712395
8104,1039, 0.712395
15049,16020, 0.0263636
16020,15049, 0.0263636
15049,16036, 0.669955
16036,15049, 0.669955
7049,12081, 1.90472
12081,7049, 1.90472
1041,8008, 1.45036
8008,1041, 1.45036
1041,8009, 0.836476
8009,1041, 0.836476
2105,8082, 0.13117
8082,2105, 0.13117
1042,8011, 0.295063
8011,1042, 0.295063
2106,8084, 0.88153
8084,2106, 0.88153
15052,16019, 2.92471
16019,15052, 2.92471
13085,18014, 2.85505
18014,13085, 2.85505
13085,18016, 0.375486
18016,13085, 0.375486
1043,8061, 1.73113
8061,1043, 1.73113
13085,18018, 1.84292
18018,13085, 1.84292
1043,8062, 1.95071
8062,1043, 1.95071
2107,8086, 0.673122
8086,2107, 0.673122
1044,8054, 2.463
8054,1044, 2.463
13087,18020, 2.91828
18020,13087, 2.91828
2108,8087, 0.554288
8087,2108, 0.554288
1045,8006, 2.43286
8006,1045, 2.43286
2109,8031, 2.08717
8031,2109, 2.08717
2109,8054, 2.23816
8054,2109, 2.23816
1046,8044, 2.50458
8044,1046, 2.50458
2110,8088, 0.355701
8088,2110, 0.355701
1047,8031, 1.45953
8031,1047, 1.45953
4036,19012, 2.8703
19012,4036, 2.8703
2111,8037, 1.25878
8037,2111, 1.25878
2111,8061, 0.326172
8061,2111, 0.326172
4037,19039, 0.578312
19039,4037, 0.578312
2112,8062, 0.436037
8062,2112, 0.436037
2112,8083, 1.2656
8083,2112, 1.2656
1049,8058, 2.96767
8058,1049, 2.96767
4038,19035, 1.25923
19035,4038, 1.25923
2113,8091, 0.480646
8091,2113, 0.480646
1051,8023, 1.53104
8023,1051, 1.53104
1051,8024, 0.895888
8024,1051, 0.895888
4040,19030, 1.56619
19030,4040, 1.56619
2114,8092, 0.33617
8092,2114, 0.33617
2115,8049, 1.41514
8049,2115, 1.41514
2115,8067, 1.16917
8067,2115, 1.16917
7062,12088, 2.41655
12088,7062, 2.41655
2116,8049, 1.49267
8049,2116, 1.49267
15062,16096, 2.21541
16096,15062, 2.21541
2116,8067, 1.71226
8067,2116, 1.71226
2116,8068, 2.57739
8068,2116, 2.57739
2116,8089, 1.12712
8089,2116, 1.12712
4043,19032, 2.24286
19032,4043, 2.24286
2117,8094, 0.875282
8094,2117, 0.875282
4044,19013, 2.66515
19013,4044, 2.66515
7065,12010, 0.721346
12010,7065, 0.721346
7065,12015, 2.96067
12015,7065, 2.96067
4045,19002, 2.08556
19002,4045, 2.08556
2118,8097, 0.338205
8097,2118, 0.338205
2119,8007, 2.96241
8007,2119, 2.96241
2119,8055, 0.955686
8055,2119, 0.955686
2119,8057, 2.90745
8057,2119, 2.90745
2119,8070, 2.73773
8070,2119, 2.73773
1057,8006, 2.02181
8006,1057, 2.02181
4046,19084, 0.545192
19084,4046, 0.545192
2120,8010, 1.04718
8010,2120, 1.04718
7067,12099, 0.250493
12099,7067, 0.250493
2120,8057, 2.90148
8057,2120, 2.90148
15067,16099, 1.56768
16099,15067, 1.56768
15067,16101, 2.2747
16101,15067, 2.2747
2120,8093, 1.9903
8093,2120, 1.9903
1058,8091, 1.69388
8091,1058, 1.69388
7068,12104, 0.700259
12104,7068, 0.700259
1058,8092, 1.49034
8092,1058, 1.49034
15068,16099, 2.15342
16099,15068, 2.15342
2121,8099, 0.813643
8099,2121, 0.813643
1059,8075, 2.24264
8075,1059, 2.24264
1059,8084, 1.64461
8084,1059, 1.64461
1059,8086, 1.72674
8086,1059, 1.72674
1059,8087, 1.48267
8087,1059, 1.48267
1059,8088, 1.25226
8088,1059, 1.25226
7070,12022, 1.62273
12022,7070, 1.62273
2122,8059, 2.32301
8059,2122, 2.32301
2122,8095, 1.38184
8095,2122, 1.38184
7070,12103, 0.442061
12103,7070, 0.442061
1060,8098, 1.08461
8098,1060, 1.08461
7071,12022, 2.54603
12022,7071, 2.54603
15070,16102, 0.207591
16102,15070, 0.207591
2123,8100, 0.600437
8100,2123, 0.600437
1017,18068, 1.08724
18068,1017, 1.08724
2124,8009, 2.00177
8009,2124, 2.00177
1061,8089, 1.43324
8089,1061, 1.43324
15071,16100, 0.758943
16100,15071, 0.758943
7072,12096, 2.95059
12096,7072, 2.95059
7072,12099, 0.348188
12099,7072, 0.348188
15072,16101, 0.441658
16101,15072, 0.441658
1062,8101, 2.69713
8101,1062, 2.69713
2125,8069, 1.5636
8069,2125, 1.5636
15073,16056, 0.837004
16056,15073, 0.837004
2125,8102, 0.866229
8102,2125, 0.866229
1020,18075, 2.92639
18075,1020, 2.92639
4054,19032, 0.0629895
19032,4054, 0.0629895
15074,16051, 0.267018
16051,15074, 0.267018
7074,12102, 2.81068
12102,7074, 2.81068
1021,18069, 0.992404
18069,1021, 0.992404
15075,16053, 0.225254
16053,15075, 0.225254
7075,12094, 0.607988
12094,7075, 0.607988
2127,8104, 0.252032
8104,2127, 0.252032
15076,16055, 0.0209889
16055,15076, 0.0209889
15077,16058, 0.141993
16058,15077, 0.141993
7077,12101, 2.69047
12101,7077, 2.69047
7078,12087, 1.29165
12087,7078, 1.29165
1068,8013, 1.82776
8013,1068, 1.82776
1068,8040, 1.69801
8040,1068, 1.69801
1027,18080, 2.93803
18080,1027, 2.93803
1069,8005, 0.320841
8005,1069, 0.320841
7081,12105, 2.04538
12105,7081, 2.04538
1071,8079, 2.85972
8079,1071, 2.85972
4062,19079, 1.5536
19079,4062, 1.5536
1072,8063, 2.39921
8063,1072, 2.39921
1033,18078, 2.94948
18078,1033, 2.94948
1033,18079, 0.13512
18079,1033, 0.13512
1034,18068, 0.557259
18068,1034, 0.557259
17008,18041, 2.44982
18041,17008, 2.44982
17008,18053, 0.193846
18053,17008, 0.193846
1036,18069, 2.59749
18069,1036, 2.59749
12009,22095, 2.38887
22095,12009, 2.38887
17011,18039, 0.73763
18039,17011, 0.73763
4057,14052, 0.679209
14052,4057, 0.679209
4068,19071, 1.58006
19071,4068, 1.58006
17013,18038, 0.419663
18038,17013, 0.419663
12013,22089, 1.6992
22089,12013, 1.6992
12013,22092, 0.0641804
22092,12013, 0.0641804
12013,22094, 1.85778
22094,12013, 1.85778
12014,22089, 0.0397048
22089,12014, 0.0397048
12014,22092, 1.80013
22092,12014, 1.80013
12015,22089, 1.46188
22089,12015, 1.46188
1080,8008, 1.83701
8008,1080, 1.83701
1080,8009, 0.69516
8009,1080, 0.69516
4072,19074, 1.78834
19074,4072, 1.78834
12016,22089, 2.91985
22089,12016, 2.91985
4065,14060, 2.82106
14060,4065, 2.82106
12017,22086, 2.91609
22086,12017, 2.91609
12017,22087, 1.38519
22087,12017, 1.38519
12017,22088, 0.271194
22088,12017, 0.271194
12017,22091, 2.48156
22091,12017, 2.48156
17020,18042, 0.904458
18042,17020, 0.904458
12018,22086, 0.99016
22086,12018, 0.99016
12018,22087, 0.537518
22087,12018, 0.537518
12018,22088, 2.19076
22088,12018, 2.19076
4069,14046, 0.327509
14046,4069, 0.327509
17021,18065, 1.57469
18065,17021, 1.57469
12019,22086, 0.339876
22086,12019, 0.339876
12019,22087, 1.86529
22087,12019, 1.86529
1083,8081, 2.75891
8081,1083, 2.75891
17022,18040, 0.40924
18040,17022, 0.40924
12020,22086, 1.71042
22086,12020, 1.71042
12021,22058, 0.623357
22058,12021, 0.623357
4072,14057, 2.82629
14057,4072, 2.82629
12021,22090, 2.11588
22090,12021, 2.11588
1086,8011, 0.610852
8011,1086, 0.610852
12022,22085, 1.11143
22085,12022, 1.11143
7098,12107, 2.79261
12107,7098, 2.79261
12025,22040, 0.56216
22040,12025, 0.56216
17029,18043, 1.31773
18043,17029, 1.31773
17029,18048, 1.8721
18048,17029, 1.8721
1089,8095, 0.187175
8095,1089, 0.187175
12028,22007, 1.77466
22007,12028, 1.77466
2002,3086, 1.78397
3086,2002, 1.78397
17034,18048, 2.01381
18048,17034, 2.01381
2004,3088, 2.05817
3088,2004, 2.05817
4086,19051, 1.16365
19051,4086, 1.16365
4087,19055, 1.57935
19055,4087, 1.57935
1065,18046, 0.732756
18046,1065, 0.732756
1065,18047, 1.79473
18047,1065, 1.79473
17038,18035, 0.521064
18035,17038, 0.521064
17040,18025, 0.751888
18025,17040, 0.751888
4094,14032, 2.22978
14032,4094, 2.22978
12035,22085, 2.40966
22085,12035, 2.40966
2011,3063, 0.0635306
3063,2011, 0.0635306
1002,5018, 0.837046
5018,1002, 0.837046
12037,22082, 1.19035
22082,12037, 1.19035
6001,7051, 2.09063
7051,6001, 2.09063
17043,18074, 2.29825
18074,17043, 2.29825
1004,5018, 0.744909
5018,1004, 0.744909
17043,18077, 0.338695
18077,17043, 0.338695
1004,5020, 2.98236
5020,1004, 2.98236
2014,3064, 0.849207
3064,2014, 0.849207
17044,18077, 2.49889
18077,17044, 2.49889
1005,5022, 1.0187
5022,1005, 1.0187
6002,7050, 1.94423
7050,6002, 1.94423
1005,5025, 2.87968
5025,1005, 2.87968
6003,7007, 1.24269
7007,6003, 1.24269
1006,5001, 1.61719
5001,1006, 1.61719
17045,18079, 1.07598
18079,17045, 1.07598
1006,5015, 0.157797
5015,1006, 0.157797
1075,18033, 1.76251
18033,1075, 1.76251
1075,18034, 1.92583
18034,1075, 1.92583
6003,7053, 2.28175
7053,6003, 2.28175
17046,18080, 1.61789
18080,17046, 1.61789
1007,5021, 0.712656
5021,1007, 0.712656
1007,5023, 2.06401
5023,1007, 2.06401
6004,7025, 1.1083
7025,6004, 1.1083
6004,7052, 2.22293
7052,6004, 2.22293
2017,3054, 2.32232
3054,2017, 2.32232
1077,18030, 1.32263
18030,1077, 1.32263
6005,7011, 2.90209
7011,6005, 2.90209
6005,7055, 2.5402
7055,6005, 2.5402
12042,22010, 2.76844
22010,12042, 2.76844
1009,5025, 0.140085
5025,1009, 0.140085
1009,5026, 2.01255
5026,1009, 2.01255
12042,22059, 1.49338
22059,12042, 1.49338
1079,18027, 0.54364
18027,1079, 0.54364
6006,7054, 2.55372
7054,6006, 2.55372
3001,5001, 1.63551
5001,3001, 1.63551
1010,5024, 0.644277
5024,1010, 0.644277
1080,18030, 0.394144
18030,1080, 0.394144
3002,5005, 2.39271
5005,3002, 2.39271
6007,7059, 2.91691
7059,6007, 2.91691
1011,5025, 0.812852
5025,1011, 0.812852
1011,5026, 1.06532
5026,1011, 1.06532
12044,22041, 2.63036
22041,12044, 2.63036
1081,18026, 1.01726
18026,1081, 1.01726
3003,5011, 2.87713
5011,3003, 2.87713
1012,5024, 2.26109
5024,1012, 2.26109
6008,7058, 2.86146
7058,6008, 2.86146
12045,22066, 1.5408
22066,12045, 1.5408
3004,5007, 2.72012
5007,3004, 2.72012
6009,7057, 2.88197
7057,6009, 2.88197
2023,3042, 0.346526
3042,2023, 0.346526
3005,5002, 2.50599
5002,3005, 2.50599
12046,22057, 1.55932
22057,12046, 1.55932
3005,5034, 2.5094
5034,3005, 2.5094
6010,7056, 2.90674
7056,6010, 2.90674
1015,5011, 0.0538753
5011,1015, 0.0538753
3006,5002, 1.24336
5002,3006, 1.24336
3006,5003, 2.72847
5003,3006, 2.72847
6011,7013, 1.91796
7013,6011, 1.91796
3006,5015, 1.99095
5015,3006, 1.99095
1085,18025, 0.316929
18025,1085, 0.316929
3006,5034, 1.34805
5034,3006, 1.34805
12048,22019, 1.54055
22019,12048, 1.54055
6012,7012, 0.0659791
7012,6012, 0.0659791
3007,5022, 2.09006
5022,3007, 2.09006
17056,18050, 1.52116
18050,17056, 1.52116
3008,5005, 0.396382
5005,3008, 0.396382
3008,5006, 2.99186
5006,3008, 2.99186
17057,18044, 1.85249
18044,17057, 1.85249
3008,5018, 1.81048
5018,3008, 1.81048
1017,5051, 2.34262
5051,1017, 2.34262
6013,7014, 0.272963
7014,6013, 0.272963
3009,5007, 0.245266
5007,3009, 0.245266
1018,5045, 0.770357
5045,1018, 0.770357
2027,3075, 0.9178
3075,2027, 0.9178
3009,5021, 2.48229
5021,3009, 2.48229
1018,5074, 2.90373
5074,1018, 2.90373
1019,5015, 1.22595
5015,1019, 1.22595
3010,5012, 2.17527
5012,3010, 2.17527
3010,5022, 1.12679
5022,3010, 1.12679
3010,5025, 2.11772
5025,3010, 2.11772
3010,5026, 2.70215
5026,3010, 2.70215
3011,5004, 2.92685
5004,3011, 2.92685
3011,5009, 2.13865
5009,3011, 2.13865
3011,5016, 1.83333
5016,3011, 1.83333
2030,3053, 2.55277
3053,2030, 2.55277
3012,5007, 1.58551
5007,3012, 1.58551
3012,5008, 1.45428
5008,3012, 1.45428
3012,5021, 0.703311
5021,3012, 0.703311
3012,5023, 1.9627
5023,3012, 1.9627
6017,7036, 0.613407
7036,6017, 0.613407
3013,5012, 1.24772
5012,3013, 1.24772
3013,5013, 2.45956
5013,3013, 2.45956
3013,5022, 0.217447
5022,3013, 0.217447
3013,5025, 1.21314
5025,3013, 1.21314
3013,5026, 1.80002
5026,3013, 1.80002
1023,5018, 0.718667
5018,1023, 0.718667
3014,5011, 2.66979
5011,3014, 2.66979
3014,5024, 2.09118
5024,3014, 2.09118
3014,5027, 0.317945
5027,3014, 0.317945
12054,22083, 1.38105
22083,12054, 1.38105
1024,5022, 0.0367836
5022,1024, 0.0367836
3015,5001, 1.00379
5001,3015, 1.00379
6019,7017, 2.87488
7017,6019, 2.87488
1095,18012, 2.49108
18012,1095, 2.49108
6019,7033, 0.998128
7033,6019, 0.998128
1025,5021, 2.73027
5021,1025, 2.73027
17065,18057, 2.16145
18057,17065, 2.16145
1026,5022, 2.19753
5022,1026, 2.19753
3016,5059, 2.44479
5059,3016, 2.44479
1026,5025, 1.78002
5025,1026, 1.78002
6020,7066, 0.447897
7066,6020, 0.447897
1027,5028, 2.64726
5028,1027, 2.64726
2036,3029, 2.03383
3029,2036, 2.03383
6021,7070, 1.46186
7070,6021, 1.46186
1027,5067, 0.136359
5067,1027, 0.136359
1028,5012, 1.04031
5012,1028, 1.04031
1028,5013, 2.41437
5013,1028, 2.41437
6022,7071, 1.4376
7071,6022, 1.4376
1029,5032, 1.95421
5032,1029, 1.95421
1029,5036, 2.51165
5036,1029, 2.51165
6023,7035, 1.0128
7035,6023, 1.0128
1030,5029, 1.19886
5029,1030, 1.19886
1030,5030, 1.84734
5030,1030, 1.84734
1030,5031, 2.46862
5031,1030, 2.46862
1030,5035, 2.83406
5035,1030, 2.83406
1030,5071, 2.19654
5071,1030, 2.19654
6024,7074, 1.2337
7074,6024, 1.2337
1031,5032, 1.09369
5032,1031, 1.09369
1031,5036, 1.65457
5036,1031, 1.65457
6025,7026, 2.35626
7026,6025, 2.35626
6025,7075, 0.575681
7075,6025, 0.575681
1032,5029, 0.340779
5029,1032, 0.340779
1032,5030, 0.992794
5030,1032, 0.992794
1032,5031, 1.61756
5031,1032, 1.61756
1032,5035, 1.98613
5035,1032, 1.98613
1032,5071, 1.44303
5071,1032, 1.44303
6026,7077, 0.713701
7077,6026, 0.713701
1033,5044, 1.6552
5044,1033, 1.6552
6027,7026, 2.98579
7026,6027, 2.98579
1034,5029, 0.15571
5029,1034, 0.15571
1034,5030, 0.498709
5030,1034, 0.498709
1034,5031, 1.12584
5031,1034, 1.12584
1034,5035, 1.49642
5035,1034, 1.49642
1034,5071, 1.00763
5071,1034, 1.00763
1035,5028, 1.6318
5028,1035, 1.6318
1035,5033, 1.29198
5033,1035, 1.29198
6029,7065, 0.111949
7065,6029, 0.111949
1036,5047, 1.08996
5047,1036, 1.08996
1036,5048, 1.50976
5048,1036, 1.50976
1037,5038, 0.454981
5038,1037, 0.454981
1037,5043, 0.993244
5043,1037, 0.993244
6031,7009, 0.64156
7009,6031, 0.64156
3029,5002, 2.71287
5002,3029, 2.71287
1038,5047, 0.423416
5047,1038, 0.423416
1038,5048, 0.845744
5048,1038, 0.845744
3029,5034, 2.70391
5034,3029, 2.70391
6031,7058, 1.25238
7058,6031, 1.25238
1039,5044, 1.84631
5044,1039, 1.84631
1039,5052, 0.627682
5052,1039, 0.627682
3031,5005, 2.32602
5005,3031, 2.32602
1040,5034, 1.81949
5034,1040, 1.81949
3032,5001, 1.95699
5001,3032, 1.95699
3032,5009, 1.13406
5009,3032, 1.13406
1041,5039, 2.27199
5039,1041, 2.27199
1041,5073, 2.49198
5073,1041, 2.49198
6034,7057, 2.01987
7057,6034, 2.01987
1042,5045, 2.80027
5045,1042, 2.80027
6035,7030, 1.80136
7030,6035, 1.80136
6035,7062, 0.188523
7062,6035, 0.188523
3034,5007, 2.06361
5007,3034, 2.06361
17084,18046, 0.422067
18046,17084, 0.422067
6036,7015, 1.06357
7015,6036, 1.06357
3035,5029, 2.30755
5029,3035, 2.30755
6037,7002, 0.431672
7002,6037, 0.431672
6037,7020, 2.76514
7020,6037, 2.76514
1045,5041, 2.89354
5041,1045, 2.89354
1045,5058, 2.28548
5058,1045, 2.28548
6037,7087, 0.75346
7087,6037, 0.75346
6038,7018, 0.828097
7018,6038, 0.828097
1046,5040, 2.78459
5040,1046, 2.78459
3037,5038, 2.52391
5038,3037, 2.52391
6038,7088, 0.124343
7088,6038, 0.124343
12074,22078, 0.483341
22078,12074, 0.483341
6039,7022, 0.930203
7022,6039, 0.930203
3038,5028, 0.0848705
5028,3038, 0.0848705
6039,7054, 2.97888
7054,6039, 2.97888
3038,5059, 2.45627
5059,3038, 2.45627
3018,12090, 1.44656
12090,3018, 1.44656
3039,5071, 2.45555
5071,3039, 2.45555
1049,5051, 2.28289
5051,1049, 2.28289
1050,5039, 1.24097
5039,1050, 1.24097
3041,5044, 1.12125
5044,3041, 1.12125
1051,5037, 1.83463
5037,1051, 1.83463
6043,7057, 1.17498
7057,6043, 1.17498
3022,12096, 2.00923
12096,3022, 2.00923
2062,3027, 0.63096
3027,2062, 0.63096
3044,5041, 0.0778097
5041,3044, 0.0778097
3044,5055, 0.89519
5055,3044, 0.89519
3024,12103, 1.65138
12103,3024, 1.65138
3048,5008, 2.84181
5008,3048, 2.84181
3048,5010, 0.785889
5010,3048, 0.785889
3048,5023, 2.21071
5023,3048, 2.21071
15001,17079, 0.575705
17079,15001, 0.575705
15002,17012, 0.241572
17012,15002, 0.241572
15002,17019, 1.7083
17019,15002, 1.7083
3050,5011, 2.18619
5011,3050, 2.18619
3050,5024, 2.67292
5024,3050, 2.67292
6049,7095, 2.17221
7095,6049, 2.17221
15002,17077, 0.119308
17077,15002, 0.119308
6050,7096, 0.639168
7096,6050, 0.639168
3051,5060, 2.19664
5060,3051, 2.19664
15003,17073, 0.0319302
17073,15003, 0.0319302
2070,3030, 0.175934
3030,2070, 0.175934
12087,22006, 2.51612
22006,12087, 2.51612
3052,5047, 1.11832
5047,3052, 1.11832
3052,5048, 2.38864
5048,3052, 2.38864
12087,22020, 1.99507
22020,12087, 1.99507
3052,5071, 1.33162
5071,3052, 1.33162
6052,7003, 1.42518
7003,6052, 1.42518
15004,17078, 0.0340382
17078,15004, 0.0340382
6052,7037, 2.51138
7037,6052, 2.51138
3053,5043, 0.72401
5043,3053, 0.72401
1063,5033, 2.33365
5033,1063, 2.33365
12088,22018, 2.87167
22018,12088, 2.87167
15005,17070, 0.0655375
17070,15005, 0.0655375
15006,17014, 2.69816
17014,15006, 2.69816
3031,12059, 0.123958
12059,3031, 0.123958
