14049,16040, 0.497296
16040,14049, 0.497296
14049,11024, 2.7749
11024,14049, 2.7749
14049,5039, 0.292459
5039,14049, 0.292459
14049,19027, 0.437904
19027,14049, 0.437904
14049,10108, 2.7098
10108,14049, 2.7098
14049,12032, 0.511222
12032,14049, 0.511222
14049,7025, 3.781
7025,14049, 3.781
14049,13029, 1.6242
13029,14049, 1.6242
14049,3101, 1.86379
3101,14049, 1.86379
14049,4139, 2.81025
4139,14049, 2.81025
14049,8119, 1.20381
8119,14049, 1.20381
14049,17090, 1.18739
17090,14049, 1.18739
14049,1011, 1.60396
1011,14049, 1.60396
14049,18004, 0.720582
18004,14049, 0.720582
14049,9004, 3.71732
9004,14049, 3.71732
14049,2146, 3.00128
2146,14049, 3.00128
14049,39, 1.13597
39,14049, 1.13597
14049,15123, 1.19762
15123,14049, 1.19762
16040,11024, 2.08934
11024,16040, 2.08934
16040,5039, 1.81142
5039,16040, 1.81142
16040,19027, 3.92216
19027,16040, 3.92216
16040,10108, 1.50339
10108,16040, 1.50339
16040,12032, 3.03437
12032,16040, 3.03437
16040,7025, 3.42048
7025,16040, 3.42048
16040,13029, 2.46688
13029,16040, 2.46688
16040,3101, 0.239613
3101,16040, 0.239613
16040,4139, 2.45473
4139,16040, 2.45473
16040,8119, 0.15118
8119,16040, 0.15118
16040,17090, 3.66317
17090,16040, 3.66317
16040,1011, 3.69447
1011,16040, 3.69447
16040,18004, 3.93549
18004,16040, 3.93549
16040,9004, 1.64907
9004,16040, 1.64907
16040,2146, 1.22202
2146,16040, 1.22202
16040,39, 3.74006
39,16040, 3.74006
16040,15123, 1.69014
15123,16040, 1.69014
11024,5039, 0.732841
5039,11024, 0.732841
11024,19027, 2.55924
19027,11024, 2.55924
11024,10108, 2.96427
10108,11024, 2.96427
11024,12032, 1.20369
12032,11024, 1.20369
11024,7025, 1.65336
7025,11024, 1.65336
11024,13029, 1.05646
13029,11024, 1.05646
11024,3101, 0.870193
3101,11024, 0.870193
11024,4139, 0.669759
4139,11024, 0.669759
11024,8119, 2.16825
8119,11024, 2.16825
11024,17090, 1.0736
17090,11024, 1.0736
11024,1011, 1.23
1011,11024, 1.23
11024,18004, 2.56983
18004,11024, 2.56983
11024,9004, 2.19396
9004,11024, 2.19396
11024,2146, 2.23074
2146,11024, 2.23074
11024,39, 1.22405
39,11024, 1.22405
11024,15123, 1.88878
15123,11024, 1.88878
5039,19027, 0.643217
19027,5039, 0.643217
5039,10108, 3.53343
10108,5039, 3.53343
5039,12032, 2.95379
12032,5039, 2.95379
5039,7025, 0.818061
7025,5039, 0.818061
5039,13029, 2.50782
13029,5039, 2.50782
5039,3101, 0.162606
3101,5039, 0.162606
5039,4139, 0.159035
4139,5039, 0.159035
5039,8119, 0.337806
8119,5039, 0.337806
5039,17090, 1.69478
17090,5039, 1.69478
5039,1011, 2.30132
1011,5039, 2.30132
5039,18004, 0.227235
18004,5039, 0.227235
5039,9004, 2.92999
9004,5039, 2.92999
5039,2146, 0.678329
2146,5039, 0.678329
5039,39, 2.01864
39,5039, 2.01864
5039,15123, 3.12614
15123,5039, 3.12614
19027,10108, 0.215452
10108,19027, 0.215452
19027,12032, 1.27368
12032,19027, 1.27368
19027,7025, 3.38537
7025,19027, 3.38537
19027,13029, 1.24595
13029,19027, 1.24595
19027,3101, 3.16482
3101,19027, 3.16482
19027,4139, 0.293173
4139,19027, 0.293173
19027,8119, 2.84084
8119,19027, 2.84084
19027,17090, 3.68614
17090,19027, 3.68614
19027,1011, 2.87762
1011,19027, 2.87762
19027,18004, 2.3963
18004,19027, 2.3963
19027,9004, 3.78433
9004,19027, 3.78433
19027,2146, 0.768667
2146,19027, 0.768667
19027,39, 1.47804
39,19027, 1.47804
19027,15123, 1.98853
15123,19027, 1.98853
10108,12032, 3.11209
12032,10108, 3.11209
10108,7025, 1.01445
7025,10108, 1.01445
10108,13029, 1.12442
13029,10108, 1.12442
10108,3101, 1.083
3101,10108, 1.083
10108,4139, 2.47235
4139,10108, 2.47235
10108,8119, 1.76619
8119,10108, 1.76619
10108,17090, 0.977313
17090,10108, 0.977313
10108,1011, 3.2817
1011,10108, 3.2817
10108,18004, 1.45959
18004,10108, 1.45959
10108,9004, 2.29251
9004,10108, 2.29251
10108,2146, 3.22564
2146,10108, 3.22564
10108,39, 3.98477
39,10108, 3.98477
10108,15123, 2.12064
15123,10108, 2.12064
12032,7025, 2.45676
7025,12032, 2.45676
12032,13029, 3.91573
13029,12032, 3.91573
12032,3101, 2.79133
3101,12032, 2.79133
12032,4139, 1.49411
4139,12032, 1.49411
12032,8119, 2.18705
8119,12032, 2.18705
12032,17090, 0.8815
17090,12032, 0.8815
12032,1011, 3.59604
1011,12032, 3.59604
12032,18004, 1.5554
18004,12032, 1.5554
12032,9004, 3.32883
9004,12032, 3.32883
12032,2146, 2.32226
2146,12032, 2.32226
12032,39, 1.04468
39,12032, 1.04468
12032,15123, 1.58837
15123,12032, 1.58837
7025,13029, 1.81725
13029,7025, 1.81725
7025,3101, 2.02376
3101,7025, 2.02376
7025,4139, 0.756526
4139,7025, 0.756526
7025,8119, 2.35583
8119,7025, 2.35583
7025,17090, 2.95189
17090,7025, 2.95189
7025,1011, 2.27132
1011,7025, 2.27132
7025,18004, 1.7725
18004,7025, 1.7725
7025,9004, 2.69195
9004,7025, 2.69195
7025,2146, 0.908637
2146,7025, 0.908637
7025,39, 3.6515
39,7025, 3.6515
7025,15123, 0.33983
15123,7025, 0.33983
13029,3101, 2.28656
3101,13029, 2.28656
13029,4139, 2.07434
4139,13029, 2.07434
13029,8119, 3.78731
8119,13029, 3.78731
13029,17090, 1.9915
17090,13029, 1.9915
13029,1011, 2.98438
1011,13029, 2.98438
13029,18004, 2.1354
18004,13029, 2.1354
13029,9004, 2.20669
9004,13029, 2.20669
13029,2146, 3.52962
2146,13029, 3.52962
13029,39, 2.87048
39,13029, 2.87048
13029,15123, 0.409101
15123,13029, 0.409101
3101,4139, 2.68861
4139,3101, 2.68861
3101,8119, 2.07398
8119,3101, 2.07398
3101,17090, 2.76479
17090,3101, 2.76479
3101,1011, 0.348756
1011,3101, 0.348756
3101,18004, 2.48568
18004,3101, 2.48568
3101,9004, 0.582635
9004,3101, 0.582635
3101,2146, 3.79659
2146,3101, 3.79659
3101,39, 1.70704
39,3101, 1.70704
3101,15123, 2.66838
15123,3101, 2.66838
4139,8119, 0.705704
8119,4139, 0.705704
4139,17090, 3.98048
17090,4139, 3.98048
4139,1011, 3.49499
1011,4139, 3.49499
4139,18004, 1.6893
18004,4139, 1.6893
4139,9004, 3.08103
9004,4139, 3.08103
4139,2146, 3.66745
2146,4139, 3.66745
4139,39, 3.71685
39,4139, 3.71685
4139,15123, 2.51294
15123,4139, 2.51294
8119,17090, 2.03078
17090,8119, 2.03078
8119,1011, 0.491226
1011,8119, 0.491226
8119,18004, 3.3186
18004,8119, 3.3186
8119,9004, 3.20957
9004,8119, 3.20957
8119,2146, 2.56995
2146,8119, 2.56995
8119,39, 3.18256
39,8119, 3.18256
8119,15123, 0.333045
15123,8119, 0.333045
17090,1011, 1.35747
1011,17090, 1.35747
17090,18004, 3.78374
18004,17090, 3.78374
17090,9004, 1.9727
9004,17090, 1.9727
17090,2146, 1.15489
2146,17090, 1.15489
17090,39, 1.65431
39,17090, 1.65431
17090,15123, 3.78457
15123,17090, 3.78457
1011,18004, 2.95987
18004,1011, 2.95987
1011,9004, 3.73268
9004,1011, 3.73268
1011,2146, 2.47961
2146,1011, 2.47961
1011,39, 1.50934
39,1011, 1.50934
1011,15123, 1.75655
15123,1011, 1.75655
18004,9004, 3.00902
9004,18004, 3.00902
18004,2146, 1.50982
2146,18004, 1.50982
18004,39, 3.76315
39,18004, 3.76315
18004,15123, 3.79504
15123,18004, 3.79504
9004,2146, 0.696777
2146,9004, 0.696777
9004,39, 3.93001
39,9004, 3.93001
9004,15123, 1.0711
15123,9004, 1.0711
2146,39, 1.70775
39,2146, 1.70775
2146,15123, 3.4225
15123,2146, 3.4225
39,15123, 3.13971
15123,39, 3.13971
1092,13033, 2.64838
13033,1092, 2.64838
1092,19047, 1.5579
19047,1092, 1.5579
1092,2047, 3.02247
2047,1092, 3.02247
1092,14051, 3.30086
14051,1092, 3.30086
1092,7116, 0.444688
7116,1092, 0.444688
1092,16054, 0.540382
16054,1092, 0.540382
1092,10080, 1.02778
10080,1092, 1.02778
1092,17013, 2.92261
17013,1092, 2.92261
1092,5068, 3.27623
5068,1092, 3.27623
1092,15077, 0.126066
15077,1092, 0.126066
1092,4120, 0.919468
4120,1092, 0.919468
1092,8091, 1.03182
8091,1092, 1.03182
1092,3081, 3.20148
3081,1092, 3.20148
1092,12074, 0.170104
12074,1092, 0.170104
1092,9052, 2.89036
9052,1092, 2.89036
13033,19047, 3.62627
19047,13033, 3.62627
13033,2047, 3.45202
2047,13033, 3.45202
13033,14051, 3.35704
14051,13033, 3.35704
13033,7116, 2.69706
7116,13033, 2.69706
13033,16054, 2.25359
16054,13033, 2.25359
13033,10080, 1.27761
10080,13033, 1.27761
13033,17013, 2.80442
17013,13033, 2.80442
13033,5068, 2.03732
5068,13033, 2.03732
13033,15077, 3.82016
15077,13033, 3.82016
13033,4120, 0.413862
4120,13033, 0.413862
13033,8091, 1.69644
8091,13033, 1.69644
13033,3081, 0.835914
3081,13033, 0.835914
13033,12074, 1.56802
12074,13033, 1.56802
13033,9052, 1.13252
9052,13033, 1.13252
19047,2047, 2.67017
2047,19047, 2.67017
19047,14051, 2.27477
14051,19047, 2.27477
19047,7116, 1.42472
7116,19047, 1.42472
19047,16054, 3.58437
16054,19047, 3.58437
19047,10080, 0.225092
10080,19047, 0.225092
19047,17013, 0.949818
17013,19047, 0.949818
19047,5068, 1.46709
5068,19047, 1.46709
19047,15077, 3.59271
15077,19047, 3.59271
19047,4120, 3.57938
4120,19047, 3.57938
19047,8091, 0.5918
8091,19047, 0.5918
19047,3081, 3.59901
3081,19047, 3.59901
19047,12074, 1.0085
12074,19047, 1.0085
19047,9052, 2.34285
9052,19047, 2.34285
2047,14051, 0.532527
14051,2047, 0.532527
2047,7116, 1.98876
7116,2047, 1.98876
2047,16054, 3.68495
16054,2047, 3.68495
2047,10080, 3.83123
10080,2047, 3.83123
2047,17013, 1.25261
17013,2047, 1.25261
2047,5068, 3.96429
5068,2047, 3.96429
2047,15077, 0.380892
15077,2047, 0.380892
2047,4120, 3.68995
4120,2047, 3.68995
2047,8091, 3.29444
8091,2047, 3.29444
2047,3081, 0.61001
3081,2047, 0.61001
2047,12074, 2.65553
12074,2047, 2.65553
2047,9052, 3.05294
9052,2047, 3.05294
14051,7116, 3.0752
7116,14051, 3.0752
14051,16054, 1.26701
16054,14051, 1.26701
14051,10080, 0.358159
10080,14051, 0.358159
14051,17013, 0.20593
17013,14051, 0.20593
14051,5068, 2.78443
5068,14051, 2.78443
14051,15077, 2.37808
15077,14051, 2.37808
14051,4120, 0.978503
4120,14051, 0.978503
14051,8091, 3.67721
8091,14051, 3.67721
14051,3081, 2.79895
3081,14051, 2.79895
14051,12074, 0.978503
12074,14051, 0.978503
14051,9052, 1.3614
9052,14051, 1.3614
7116,16054, 2.52662
16054,7116, 2.52662
7116,10080, 1.6017
10080,7116, 1.6017
7116,17013, 1.27832
17013,7116, 1.27832
7116,5068, 3.5501
5068,7116, 3.5501
7116,15077, 3.1572
15077,7116, 3.1572
7116,4120, 2.83822
4120,7116, 2.83822
7116,8091, 3.73149
8091,7116, 3.73149
7116,3081, 1.26368
3081,7116, 1.26368
7116,12074, 2.11743
12074,7116, 2.11743
7116,9052, 3.79314
9052,7116, 3.79314
16054,10080, 3.0408
10080,16054, 3.0408
16054,17013, 1.97103
17013,16054, 1.97103
16054,5068, 0.319834
5068,16054, 0.319834
16054,15077, 3.92466
15077,16054, 3.92466
16054,4120, 3.99476
4120,16054, 3.99476
16054,8091, 3.2673
8091,16054, 3.2673
16054,3081, 2.24549
3081,16054, 2.24549
16054,12074, 3.83837
12074,16054, 3.83837
16054,9052, 3.58271
9052,16054, 3.58271
10080,17013, 0.216642
17013,10080, 0.216642
10080,5068, 0.255919
5068,10080, 0.255919
10080,15077, 2.13599
15077,10080, 2.13599
10080,4120, 2.88571
4120,10080, 2.88571
10080,8091, 0.866384
8091,10080, 0.866384
10080,3081, 0.687851
3081,10080, 0.687851
10080,12074, 3.42381
12074,10080, 3.42381
10080,9052, 1.08991
9052,10080, 1.08991
17013,5068, 1.79452
5068,17013, 1.79452
17013,15077, 2.1473
15077,17013, 2.1473
17013,4120, 2.01364
4120,17013, 2.01364
17013,8091, 3.91978
8091,17013, 3.91978
17013,3081, 2.29905
3081,17013, 2.29905
17013,12074, 2.17908
12074,17013, 2.17908
17013,9052, 1.40282
9052,17013, 1.40282
5068,15077, 2.73563
15077,5068, 2.73563
5068,4120, 1.28891
4120,5068, 1.28891
5068,8091, 1.2325
8091,5068, 1.2325
5068,3081, 2.86608
3081,5068, 2.86608
5068,12074, 3.39727
12074,5068, 3.39727
5068,9052, 0.885427
9052,5068, 0.885427
15077,4120, 2.09398
4120,15077, 2.09398
15077,8091, 3.74363
8091,15077, 3.74363
15077,3081, 2.63493
3081,15077, 2.63493
15077,12074, 3.69376
12074,15077, 3.69376
15077,9052, 1.00969
9052,15077, 1.00969
4120,8091, 1.16096
8091,4120, 1.16096
4120,3081, 2.72837
3081,4120, 2.72837
4120,12074, 0.453972
12074,4120, 0.453972
4120,9052, 3.77017
9052,4120, 3.77017
8091,3081, 2.76455
3081,8091, 2.76455
8091,12074, 1.23952
12074,8091, 1.23952
8091,9052, 1.33176
9052,8091, 1.33176
3081,12074, 0.576803
12074,3081, 0.576803
3081,9052, 1.205
9052,3081, 1.205
12074,9052, 3.6953
9052,12074, 3.6953
12017,116, 2.25549
116,12017, 2.25549
12017,1009, 3.16613
1009,12017, 3.16613
12017,5089, 3.65781
5089,12017, 3.65781
12017,19124, 3.76803
19124,12017, 3.76803
12017,9060, 1.96282
9060,12017, 1.96282
12017,11138, 3.90883
11138,12017, 3.90883
12017,7029, 2.90976
7029,12017, 2.90976
12017,14041, 2.25097
14041,12017, 2.25097
12017,6146, 0.163558
6146,12017, 0.163558
12017,8126, 3.25861
8126,12017, 3.25861
12017,17061, 0.799731
17061,12017, 0.799731
12017,4057, 1.57409
4057,12017, 1.57409
12017,13061, 2.77836
13061,12017, 2.77836
12017,10038, 0.373156
10038,12017, 0.373156
12017,16087, 1.74667
16087,12017, 1.74667
12017,18080, 0.357683
18080,12017, 0.357683
12017,2118, 3.66412
2118,12017, 3.66412
12017,15120, 3.57604
15120,12017, 3.57604
12017,3063, 1.34854
3063,12017, 1.34854
116,1009, 2.75265
1009,116, 2.75265
116,5089, 3.88372
5089,116, 3.88372
116,19124, 2.28346
19124,116, 2.28346
116,9060, 0.888522
9060,116, 0.888522
116,11138, 0.760335
11138,116, 0.760335
116,7029, 2.83085
7029,116, 2.83085
116,14041, 3.86979
14041,116, 3.86979
116,6146, 2.53043
6146,116, 2.53043
116,8126, 2.78324
8126,116, 2.78324
116,17061, 2.76824
17061,116, 2.76824
116,4057, 2.98807
4057,116, 2.98807
116,13061, 0.439213
13061,116, 0.439213
116,10038, 0.299362
10038,116, 0.299362
116,16087, 3.98941
16087,116, 3.98941
116,18080, 2.42379
18080,116, 2.42379
116,2118, 0.611795
2118,116, 0.611795
116,15120, 0.510627
15120,116, 0.510627
116,3063, 0.962673
3063,116, 0.962673
1009,5089, 3.69899
5089,1009, 3.69899
1009,19124, 2.74979
19124,1009, 2.74979
1009,9060, 1.25975
9060,1009, 1.25975
1009,11138, 3.46809
11138,1009, 3.46809
1009,7029, 0.700824
7029,1009, 0.700824
1009,14041, 0.360778
14041,1009, 0.360778
1009,6146, 0.963506
6146,1009, 0.963506
1009,8126, 3.38418
8126,1009, 3.38418
1009,17061, 3.75684
17061,1009, 3.75684
1009,4057, 2.62303
4057,1009, 2.62303
1009,13061, 1.75881
13061,1009, 1.75881
1009,10038, 0.836985
10038,1009, 0.836985
1009,16087, 2.62625
16087,1009, 2.62625
1009,18080, 1.59468
18080,1009, 1.59468
1009,2118, 1.10978
2118,1009, 1.10978
1009,15120, 2.56852
15120,1009, 2.56852
1009,3063, 1.13323
3063,1009, 1.13323
5089,19124, 1.40579
19124,5089, 1.40579
5089,9060, 0.270202
9060,5089, 0.270202
5089,11138, 0.934227
11138,5089, 0.934227
5089,7029, 0.709513
7029,5089, 0.709513
5089,14041, 1.81547
14041,5089, 1.81547
5089,6146, 1.45066
6146,5089, 1.45066
5089,8126, 2.39034
8126,5089, 2.39034
5089,17061, 3.17172
17061,5089, 3.17172
5089,4057, 2.06767
4057,5089, 2.06767
5089,13061, 2.58625
13061,5089, 2.58625
5089,10038, 0.778665
10038,5089, 0.778665
5089,16087, 3.60354
16087,5089, 3.60354
5089,18080, 3.23326
18080,5089, 3.23326
5089,2118, 0.551094
2118,5089, 0.551094
5089,15120, 3.27004
15120,5089, 3.27004
5089,3063, 0.764858
3063,5089, 0.764858
19124,9060, 0.86805
9060,19124, 0.86805
19124,11138, 3.91787
11138,19124, 3.91787
19124,7029, 0.372442
7029,19124, 0.372442
19124,14041, 3.70066
14041,19124, 3.70066
19124,6146, 0.776403
6146,19124, 0.776403
19124,8126, 3.70804
8126,19124, 3.70804
19124,17061, 3.46916
17061,19124, 3.46916
19124,4057, 3.46976
4057,19124, 3.46976
19124,13061, 2.91011
13061,19124, 2.91011
19124,10038, 0.730818
10038,19124, 0.730818
19124,16087, 2.2887
16087,19124, 2.2887
19124,18080, 1.76702
18080,19124, 1.76702
19124,2118, 1.78988
2118,19124, 1.78988
19124,15120, 2.85655
15120,19124, 2.85655
19124,3063, 0.872811
3063,19124, 0.872811
9060,11138, 2.96058
11138,9060, 2.96058
9060,7029, 3.08317
7029,9060, 3.08317
9060,14041, 1.12157
14041,9060, 1.12157
9060,6146, 3.94787
6146,9060, 3.94787
9060,8126, 2.81406
8126,9060, 2.81406
9060,17061, 3.32086
17061,9060, 3.32086
9060,4057, 1.81309
4057,9060, 1.81309
9060,13061, 3.05937
13061,9060, 3.05937
9060,10038, 1.31914
10038,9060, 1.31914
9060,16087, 2.59137
16087,9060, 2.59137
9060,18080, 2.52829
18080,9060, 2.52829
9060,2118, 2.08148
2118,9060, 2.08148
9060,15120, 2.70718
15120,9060, 2.70718
9060,3063, 1.0911
3063,9060, 1.0911
11138,7029, 1.05646
7029,11138, 1.05646
11138,14041, 2.75777
14041,11138, 2.75777
11138,6146, 2.76265
6146,11138, 2.76265
11138,8126, 2.57102
8126,11138, 2.57102
11138,17061, 3.08091
17061,11138, 3.08091
11138,4057, 1.58397
4057,11138, 1.58397
11138,13061, 0.612152
13061,11138, 0.612152
11138,10038, 2.8587
10038,11138, 2.8587
11138,16087, 0.545976
16087,11138, 0.545976
11138,18080, 0.592871
18080,11138, 0.592871
11138,2118, 3.90823
2118,11138, 3.90823
11138,15120, 2.09469
15120,11138, 2.09469
11138,3063, 3.6884
3063,11138, 3.6884
7029,14041, 1.44995
14041,7029, 1.44995
7029,6146, 2.18003
6146,7029, 2.18003
7029,8126, 3.26468
8126,7029, 3.26468
7029,17061, 1.07729
17061,7029, 1.07729
7029,4057, 1.01778
4057,7029, 1.01778
7029,13061, 2.07636
13061,7029, 2.07636
7029,10038, 0.56252
10038,7029, 0.56252
7029,16087, 0.862813
16087,7029, 0.862813
7029,18080, 0.701776
18080,7029, 0.701776
7029,2118, 1.76738
2118,7029, 1.76738
7029,15120, 2.0697
15120,7029, 2.0697
7029,3063, 0.276153
3063,7029, 0.276153
14041,6146, 0.933274
6146,14041, 0.933274
14041,8126, 2.13123
8126,14041, 2.13123
14041,17061, 0.582635
17061,14041, 0.582635
14041,4057, 1.4822
4057,14041, 1.4822
14041,13061, 0.902091
13061,14041, 0.902091
14041,10038, 2.19598
10038,14041, 2.19598
14041,16087, 3.37692
16087,14041, 3.37692
14041,18080, 2.72872
18080,14041, 2.72872
14041,2118, 2.19586
2118,14041, 2.19586
14041,15120, 2.35785
15120,14041, 2.35785
14041,3063, 3.53688
3063,14041, 3.53688
6146,8126, 0.989572
8126,6146, 0.989572
6146,17061, 1.35604
17061,6146, 1.35604
6146,4057, 1.84927
4057,6146, 1.84927
6146,13061, 3.64174
13061,6146, 3.64174
6146,10038, 1.35033
10038,6146, 1.35033
6146,16087, 1.21214
16087,6146, 1.21214
6146,18080, 2.27763
18080,6146, 2.27763
6146,2118, 1.73536
2118,6146, 1.73536
6146,15120, 3.03033
15120,6146, 3.03033
6146,3063, 2.59911
3063,6146, 2.59911
8126,17061, 3.70625
17061,8126, 3.70625
8126,4057, 3.57081
4057,8126, 3.57081
8126,13061, 0.191171
13061,8126, 0.191171
8126,10038, 2.42188
10038,8126, 2.42188
8126,16087, 1.20096
16087,8126, 1.20096
8126,18080, 2.25859
18080,8126, 2.25859
8126,2118, 2.52651
2118,8126, 2.52651
8126,15120, 2.57352
15120,8126, 2.57352
8126,3063, 3.41274
3063,8126, 3.41274
17061,4057, 1.00707
4057,17061, 1.00707
17061,13061, 0.679876
13061,17061, 0.679876
17061,10038, 1.06717
10038,17061, 1.06717
17061,16087, 3.11805
16087,17061, 3.11805
17061,18080, 0.586563
18080,17061, 0.586563
17061,2118, 2.38939
2118,17061, 2.38939
17061,15120, 1.09217
15120,17061, 1.09217
17061,3063, 3.19077
3063,17061, 3.19077
4057,13061, 3.80314
13061,4057, 3.80314
4057,10038, 2.00388
10038,4057, 2.00388
4057,16087, 1.55076
16087,4057, 1.55076
4057,18080, 0.625483
18080,4057, 0.625483
4057,2118, 1.51565
2118,4057, 1.51565
4057,15120, 1.46876
15120,4057, 1.46876
4057,3063, 0.889593
3063,4057, 0.889593
13061,10038, 0.884832
10038,13061, 0.884832
13061,16087, 0.281271
16087,13061, 0.281271
13061,18080, 3.92823
18080,13061, 3.92823
13061,2118, 1.18001
2118,13061, 1.18001
13061,15120, 0.292697
15120,13061, 0.292697
13061,3063, 1.56266
3063,13061, 1.56266
10038,16087, 0.540144
16087,10038, 0.540144
10038,18080, 1.36068
18080,10038, 1.36068
10038,2118, 0.945891
2118,10038, 0.945891
10038,15120, 0.382083
15120,10038, 0.382083
10038,3063, 0.351375
3063,10038, 0.351375
16087,18080, 1.6999
18080,16087, 1.6999
16087,2118, 3.66412
2118,16087, 3.66412
16087,15120, 3.05699
15120,16087, 3.05699
16087,3063, 2.92963
3063,16087, 2.92963
18080,2118, 0.58692
2118,18080, 0.58692
18080,15120, 0.55276
15120,18080, 0.55276
18080,3063, 3.19981
3063,18080, 3.19981
2118,15120, 2.59863
15120,2118, 2.59863
2118,3063, 1.81297
3063,2118, 1.81297
15120,3063, 2.39903
3063,15120, 2.39903
15132,8120, 1.41936
8120,15132, 1.41936
15132,6056, 1.97519
6056,15132, 1.97519
15132,16068, 1.74977
16068,15132, 1.74977
15132,11104, 1.57147
11104,15132, 1.57147
15132,5060, 0.10488
5060,15132, 0.10488
15132,19103, 2.75229
19103,15132, 2.75229
15132,3061, 1.88628
3061,15132, 1.88628
15132,14112, 3.15006
14112,15132, 3.15006
15132,7038, 0.229258
7038,15132, 0.229258
15132,13127, 2.1273
13127,15132, 2.1273
15132,18021, 0.532051
18021,15132, 0.532051
15132,17138, 1.55124
17138,15132, 1.55124
15132,9040, 1.75548
9040,15132, 1.75548
15132,10034, 1.82118
10034,15132, 1.82118
15132,16, 1.34688
16,15132, 1.34688
15132,12107, 0.277938
12107,15132, 0.277938
15132,1095, 3.37918
1095,15132, 3.37918
15132,4070, 3.48571
4070,15132, 3.48571
15132,2003, 0.306742
2003,15132, 0.306742
8120,6056, 2.75884
6056,8120, 2.75884
8120,16068, 3.1947
16068,8120, 3.1947
8120,11104, 1.34557
11104,8120, 1.34557
8120,5060, 0.464089
5060,8120, 0.464089
8120,19103, 1.70466
19103,8120, 1.70466
8120,3061, 3.81563
3061,8120, 3.81563
8120,14112, 0.473254
14112,8120, 0.473254
8120,7038, 0.513126
7038,8120, 0.513126
8120,13127, 0.24973
13127,8120, 0.24973
8120,18021, 0.13654
18021,8120, 0.13654
8120,17138, 1.34104
17138,8120, 1.34104
8120,9040, 2.6191
9040,8120, 2.6191
8120,10034, 2.60304
10034,8120, 2.60304
8120,16, 3.96941
16,8120, 3.96941
8120,12107, 2.44962
12107,8120, 2.44962
8120,1095, 1.12014
1095,8120, 1.12014
8120,4070, 3.57771
4070,8120, 3.57771
8120,2003, 1.8388
2003,8120, 1.8388
6056,16068, 0.678924
16068,6056, 0.678924
6056,11104, 1.46257
11104,6056, 1.46257
6056,5060, 0.524909
5060,6056, 0.524909
6056,19103, 1.57171
19103,6056, 1.57171
6056,3061, 2.15896
3061,6056, 2.15896
6056,14112, 3.67781
14112,6056, 3.67781
6056,7038, 2.44045
7038,6056, 2.44045
6056,13127, 1.56373
13127,6056, 1.56373
6056,18021, 3.80528
18021,6056, 3.80528
6056,17138, 3.66007
17138,6056, 3.66007
6056,9040, 1.26666
9040,6056, 1.26666
6056,10034, 3.25909
10034,6056, 3.25909
6056,16, 1.21881
16,6056, 1.21881
6056,12107, 1.15585
12107,6056, 1.15585
6056,1095, 1.0642
1095,6056, 1.0642
6056,4070, 2.126
4070,6056, 2.126
6056,2003, 2.5959
2003,6056, 2.5959
16068,11104, 1.42329
11104,16068, 1.42329
16068,5060, 3.77112
5060,16068, 3.77112
16068,19103, 3.5645
19103,16068, 3.5645
16068,3061, 2.94356
3061,16068, 2.94356
16068,14112, 3.37002
14112,16068, 3.37002
16068,7038, 0.42505
7038,16068, 0.42505
16068,13127, 2.92809
13127,16068, 2.92809
16068,18021, 3.55057
18021,16068, 3.55057
16068,17138, 0.131303
17138,16068, 0.131303
16068,9040, 3.06841
9040,16068, 3.06841
16068,10034, 3.39691
10034,16068, 3.39691
16068,16, 3.70697
16,16068, 3.70697
16068,12107, 0.495392
12107,16068, 0.495392
16068,1095, 2.40808
1095,16068, 2.40808
16068,4070, 3.08365
4070,16068, 3.08365
16068,2003, 2.82311
2003,16068, 2.82311
11104,5060, 3.53724
5060,11104, 3.53724
11104,19103, 3.45369
19103,11104, 3.45369
11104,3061, 1.70858
3061,11104, 1.70858
11104,14112, 2.34166
14112,11104, 2.34166
11104,7038, 1.16811
7038,11104, 1.16811
11104,13127, 0.803302
13127,11104, 0.803302
11104,18021, 1.12776
18021,11104, 1.12776
11104,17138, 2.69076
17138,11104, 2.69076
11104,9040, 3.36323
9040,11104, 3.36323
11104,10034, 2.9019
10034,11104, 2.9019
11104,16, 3.24849
16,11104, 3.24849
11104,12107, 0.276272
12107,11104, 0.276272
11104,1095, 0.873406
1095,11104, 0.873406
11104,4070, 2.04042
4070,11104, 2.04042
11104,2003, 3.01557
2003,11104, 3.01557
5060,19103, 3.15863
19103,5060, 3.15863
5060,3061, 0.582992
3061,5060, 0.582992
5060,14112, 3.32134
14112,5060, 3.32134
5060,7038, 3.40489
7038,5060, 3.40489
5060,13127, 0.210334
13127,5060, 0.210334
5060,18021, 1.5222
18021,5060, 1.5222
5060,17138, 1.55957
17138,5060, 1.55957
5060,9040, 3.30681
9040,5060, 3.30681
5060,10034, 3.80445
10034,5060, 3.80445
5060,16, 3.79207
16,5060, 3.79207
5060,12107, 3.74279
12107,5060, 3.74279
5060,1095, 0.83401
1095,5060, 0.83401
5060,4070, 3.32598
4070,5060, 3.32598
5060,2003, 0.314478
2003,5060, 0.314478
19103,3061, 1.62087
3061,19103, 1.62087
19103,14112, 1.93961
14112,19103, 1.93961
19103,7038, 0.2583
7038,19103, 0.2583
19103,13127, 0.764144
13127,19103, 0.764144
19103,18021, 3.74839
18021,19103, 3.74839
19103,17138, 2.7774
17138,19103, 2.7774
19103,9040, 1.1374
9040,19103, 1.1374
19103,10034, 2.49127
10034,19103, 2.49127
19103,16, 0.350542
16,19103, 0.350542
19103,12107, 1.99102
12107,19103, 1.99102
19103,1095, 2.6222
1095,19103, 2.6222
19103,4070, 0.697491
4070,19103, 0.697491
19103,2003, 1.53588
2003,19103, 1.53588
3061,14112, 3.56557
14112,3061, 3.56557
3061,7038, 0.97886
7038,3061, 0.97886
3061,13127, 3.37192
13127,3061, 3.37192
3061,18021, 2.72539
18021,3061, 2.72539
3061,17138, 0.124757
17138,3061, 0.124757
3061,9040, 1.72453
9040,3061, 1.72453
3061,10034, 2.8462
10034,3061, 2.8462
3061,16, 2.22228
16,3061, 2.22228
3061,12107, 2.61065
12107,3061, 2.61065
3061,1095, 3.22826
1095,3061, 3.22826
3061,4070, 2.08124
4070,3061, 2.08124
3061,2003, 2.79335
2003,3061, 2.79335
14112,7038, 0.926966
7038,14112, 0.926966
14112,13127, 0.214499
13127,14112, 0.214499
14112,18021, 0.740577
18021,14112, 0.740577
14112,17138, 1.28308
17138,14112, 1.28308
14112,9040, 3.38477
9040,14112, 3.38477
14112,10034, 0.469564
10034,14112, 0.469564
14112,16, 0.16332
16,14112, 0.16332
14112,12107, 3.43357
12107,14112, 3.43357
14112,1095, 0.529075
1095,14112, 0.529075
14112,4070, 3.19267
4070,14112, 3.19267
14112,2003, 2.49461
2003,14112, 2.49461
7038,13127, 1.63098
13127,7038, 1.63098
7038,18021, 1.18751
18021,7038, 1.18751
7038,17138, 2.49318
17138,7038, 2.49318
7038,9040, 0.682138
9040,7038, 0.682138
7038,10034, 3.45214
10034,7038, 3.45214
7038,16, 1.91866
16,7038, 1.91866
7038,12107, 3.47892
12107,7038, 3.47892
7038,1095, 0.900543
1095,7038, 0.900543
7038,4070, 1.93044
4070,7038, 1.93044
7038,2003, 2.60018
2003,7038, 2.60018
13127,18021, 1.33176
18021,13127, 1.33176
13127,17138, 3.91038
17138,13127, 3.91038
13127,9040, 2.71623
9040,13127, 2.71623
13127,10034, 3.43703
10034,13127, 3.43703
13127,16, 0.518958
16,13127, 0.518958
13127,12107, 2.5121
12107,13127, 2.5121
13127,1095, 2.95058
1095,13127, 2.95058
13127,4070, 2.52686
4070,13127, 2.52686
13127,2003, 1.13585
2003,13127, 1.13585
18021,17138, 3.5057
17138,18021, 3.5057
18021,9040, 1.92604
9040,18021, 1.92604
18021,10034, 3.36514
10034,18021, 3.36514
18021,16, 2.2274
16,18021, 2.2274
18021,12107, 2.61315
12107,18021, 2.61315
18021,1095, 0.755693
1095,18021, 0.755693
18021,4070, 0.724866
4070,18021, 0.724866
18021,2003, 3.68542
2003,18021, 3.68542
17138,9040, 2.67445
9040,17138, 2.67445
17138,10034, 0.923038
10034,17138, 0.923038
17138,16, 1.09657
16,17138, 1.09657
17138,12107, 1.96829
12107,17138, 1.96829
17138,1095, 3.5764
1095,17138, 3.5764
17138,4070, 1.83284
4070,17138, 1.83284
17138,2003, 3.22052
2003,17138, 3.22052
9040,10034, 0.239732
10034,9040, 0.239732
9040,16, 3.52284
16,9040, 3.52284
9040,12107, 3.33705
12107,9040, 3.33705
9040,1095, 2.69802
1095,9040, 2.69802
9040,4070, 0.87412
4070,9040, 0.87412
9040,2003, 2.50722
2003,9040, 2.50722
10034,16, 1.65645
16,10034, 1.65645
10034,12107, 0.814014
12107,10034, 0.814014
10034,1095, 0.924586
1095,10034, 0.924586
10034,4070, 0.79509
4070,10034, 0.79509
10034,2003, 0.269726
2003,10034, 0.269726
16,12107, 3.55736
12107,16, 3.55736
16,1095, 1.40127
1095,16, 1.40127
16,4070, 2.77717
4070,16, 2.77717
16,2003, 0.792233
2003,16, 0.792233
12107,1095, 2.67112
1095,12107, 2.67112
12107,4070, 0.256514
4070,12107, 0.256514
12107,2003, 3.40096
2003,12107, 3.40096
1095,4070, 3.21671
4070,1095, 3.21671
1095,2003, 2.7192
2003,1095, 2.7192
4070,2003, 3.32348
2003,4070, 3.32348
13126,15093, 2.64291
15093,13126, 2.64291
13126,8048, 3.93668
8048,13126, 3.93668
13126,146, 0.202121
146,13126, 0.202121
13126,1053, 3.6052
1053,13126, 3.6052
13126,16075, 1.82749
16075,13126, 1.82749
13126,7104, 1.42579
7104,13126, 1.42579
13126,6042, 2.10779
6042,13126, 2.10779
13126,9016, 2.16218
9016,13126, 2.16218
13126,14001, 3.85432
14001,13126, 3.85432
13126,18005, 1.89438
18005,13126, 1.89438
13126,17058, 1.62944
17058,13126, 1.62944
13126,10136, 1.4928
10136,13126, 1.4928
13126,4141, 2.3419
4141,13126, 2.3419
13126,5127, 3.59425
5127,13126, 3.59425
13126,19046, 2.33797
19046,13126, 2.33797
13126,11023, 1.75596
11023,13126, 1.75596
13126,2109, 1.2488
2109,13126, 1.2488
13126,12020, 2.79454
12020,13126, 2.79454
13126,3040, 0.740815
3040,13126, 0.740815
15093,8048, 0.931489
8048,15093, 0.931489
15093,146, 3.17922
146,15093, 3.17922
15093,1053, 0.101785
1053,15093, 0.101785
15093,16075, 2.91285
16075,15093, 2.91285
15093,7104, 1.96567
7104,15093, 1.96567
15093,6042, 0.134516
6042,15093, 0.134516
15093,9016, 3.34264
9016,15093, 3.34264
15093,14001, 0.732246
14001,15093, 0.732246
15093,18005, 0.697967
18005,15093, 0.697967
15093,17058, 2.41903
17058,15093, 2.41903
15093,10136, 1.78357
10136,15093, 1.78357
15093,4141, 2.90916
4141,15093, 2.90916
15093,5127, 0.517649
5127,15093, 0.517649
15093,19046, 2.95975
19046,15093, 2.95975
15093,11023, 1.51065
11023,15093, 1.51065
15093,2109, 3.43631
2109,15093, 3.43631
15093,12020, 0.244969
12020,15093, 0.244969
15093,3040, 2.44878
3040,15093, 2.44878
8048,146, 3.13745
146,8048, 3.13745
8048,1053, 2.15087
1053,8048, 2.15087
8048,16075, 1.18513
16075,8048, 1.18513
8048,7104, 0.369942
7104,8048, 0.369942
8048,6042, 3.86586
6042,8048, 3.86586
8048,9016, 2.93939
9016,8048, 2.93939
8048,14001, 3.25183
14001,8048, 3.25183
8048,18005, 3.21517
18005,8048, 3.21517
8048,17058, 2.5715
17058,8048, 2.5715
8048,10136, 2.86965
10136,8048, 2.86965
8048,4141, 1.00635
4141,8048, 1.00635
8048,5127, 1.75381
5127,8048, 1.75381
8048,19046, 0.234495
19046,8048, 0.234495
8048,11023, 3.08627
11023,8048, 3.08627
8048,2109, 0.210691
2109,8048, 0.210691
8048,12020, 3.76255
12020,8048, 3.76255
8048,3040, 1.68787
3040,8048, 1.68787
146,1053, 0.152251
1053,146, 0.152251
146,16075, 3.34014
16075,146, 3.34014
146,7104, 3.87455
7104,146, 3.87455
146,6042, 3.20612
6042,146, 3.20612
146,9016, 0.371371
9016,146, 0.371371
146,14001, 0.251872
14001,146, 0.251872
146,18005, 0.35923
18005,146, 0.35923
146,17058, 3.10436
17058,146, 3.10436
146,10136, 0.176769
10136,146, 0.176769
146,4141, 2.15956
4141,146, 2.15956
146,5127, 2.89048
5127,146, 2.89048
146,19046, 0.372442
19046,146, 0.372442
146,11023, 2.41855
11023,146, 2.41855
146,2109, 3.00557
2109,146, 3.00557
146,12020, 0.711774
12020,146, 0.711774
146,3040, 2.91285
3040,146, 2.91285
1053,16075, 3.83575
16075,1053, 3.83575
1053,7104, 3.88312
7104,1053, 3.88312
1053,6042, 2.96213
6042,1053, 2.96213
1053,9016, 2.60625
9016,1053, 2.60625
1053,14001, 0.147252
14001,1053, 0.147252
1053,18005, 0.201169
18005,1053, 0.201169
1053,17058, 3.56509
17058,1053, 3.56509
1053,10136, 1.17632
10136,1053, 1.17632
1053,4141, 2.54579
4141,1053, 2.54579
1053,5127, 0.941963
5127,1053, 0.941963
1053,19046, 1.94734
19046,1053, 1.94734
1053,11023, 1.17548
11023,1053, 1.17548
1053,2109, 2.82763
2109,1053, 2.82763
1053,12020, 3.10519
12020,1053, 3.10519
1053,3040, 2.19158
3040,1053, 2.19158
16075,7104, 3.16268
7104,16075, 3.16268
16075,6042, 1.84653
6042,16075, 1.84653
16075,9016, 2.38749
9016,16075, 2.38749
16075,14001, 0.983859
14001,16075, 0.983859
16075,18005, 1.39687
18005,16075, 1.39687
16075,17058, 3.42155
17058,16075, 3.42155
16075,10136, 2.19503
10136,16075, 2.19503
16075,4141, 3.96763
4141,16075, 3.96763
16075,5127, 3.51629
5127,16075, 3.51629
16075,19046, 2.58625
19046,16075, 2.58625
16075,11023, 0.632862
11023,16075, 0.632862
16075,2109, 2.8587
2109,16075, 2.8587
16075,12020, 0.225925
12020,16075, 0.225925
16075,3040, 2.91249
3040,16075, 2.91249
7104,6042, 3.3718
6042,7104, 3.3718
7104,9016, 3.63674
9016,7104, 3.63674
7104,14001, 0.166652
14001,7104, 0.166652
7104,18005, 2.09398
18005,7104, 2.09398
7104,17058, 3.03544
17058,7104, 3.03544
7104,10136, 3.06603
10136,7104, 3.06603
7104,4141, 1.38449
4141,7104, 1.38449
7104,5127, 3.92204
5127,7104, 3.92204
7104,19046, 0.309241
19046,7104, 0.309241
7104,11023, 3.8611
11023,7104, 3.8611
7104,2109, 2.8756
2109,7104, 2.8756
7104,12020, 3.64103
12020,7104, 3.64103
7104,3040, 3.51391
3040,7104, 3.51391
6042,9016, 0.851744
9016,6042, 0.851744
6042,14001, 1.72596
14001,6042, 1.72596
6042,18005, 0.914112
18005,6042, 0.914112
6042,17058, 3.8417
17058,6042, 3.8417
6042,10136, 1.16013
10136,6042, 1.16013
6042,4141, 1.32022
4141,6042, 1.32022
6042,5127, 2.98831
5127,6042, 2.98831
6042,19046, 3.40477
19046,6042, 3.40477
6042,11023, 2.94665
11023,6042, 2.94665
6042,2109, 3.43845
2109,6042, 3.43845
6042,12020, 2.08731
12020,6042, 2.08731
6042,3040, 3.58771
3040,6042, 3.58771
9016,14001, 3.53677
14001,9016, 3.53677
9016,18005, 1.91556
18005,9016, 1.91556
9016,17058, 2.72265
17058,9016, 2.72265
9016,10136, 3.55581
10136,9016, 3.55581
9016,4141, 0.485156
4141,9016, 0.485156
9016,5127, 1.38437
5127,9016, 1.38437
9016,19046, 1.05325
19046,9016, 1.05325
9016,11023, 2.21288
11023,9016, 2.21288
9016,2109, 1.79047
2109,9016, 1.79047
9016,12020, 0.772594
12020,9016, 0.772594
9016,3040, 3.67912
3040,9016, 3.67912
14001,18005, 2.75669
18005,14001, 2.75669
14001,17058, 1.01397
17058,14001, 1.01397
14001,10136, 0.178674
10136,14001, 0.178674
14001,4141, 3.60425
4141,14001, 3.60425
14001,5127, 1.42912
5127,14001, 1.42912
14001,19046, 3.71958
19046,14001, 3.71958
14001,11023, 1.99519
11023,14001, 1.99519
14001,2109, 0.751765
2109,14001, 0.751765
14001,12020, 2.5071
12020,14001, 2.5071
14001,3040, 2.48604
3040,14001, 2.48604
18005,17058, 2.50413
17058,18005, 2.50413
18005,10136, 0.367086
10136,18005, 0.367086
18005,4141, 2.13207
4141,18005, 2.13207
18005,5127, 2.50877
5127,18005, 2.50877
18005,19046, 3.31419
19046,18005, 3.31419
18005,11023, 2.59209
11023,18005, 2.59209
18005,2109, 2.52329
2109,18005, 2.52329
18005,12020, 2.84358
12020,18005, 2.84358
18005,3040, 3.7635
3040,18005, 3.7635
17058,10136, 2.34535
10136,17058, 2.34535
17058,4141, 3.0752
4141,17058, 3.0752
17058,5127, 0.206287
5127,17058, 0.206287
17058,19046, 3.65829
19046,17058, 3.65829
17058,11023, 1.09384
11023,17058, 1.09384
17058,2109, 2.58078
2109,17058, 2.58078
17058,12020, 2.28739
12020,17058, 2.28739
17058,3040, 0.870193
3040,17058, 0.870193
10136,4141, 2.84798
4141,10136, 2.84798
10136,5127, 1.98257
5127,10136, 1.98257
10136,19046, 0.486941
19046,10136, 0.486941
10136,11023, 1.46388
11023,10136, 1.46388
10136,2109, 3.76684
2109,10136, 3.76684
10136,12020, 2.89536
12020,10136, 2.89536
10136,3040, 2.13528
3040,10136, 2.13528
4141,5127, 3.4763
5127,4141, 3.4763
4141,19046, 2.30655
19046,4141, 2.30655
4141,11023, 2.99795
11023,4141, 2.99795
4141,2109, 1.90342
2109,4141, 1.90342
4141,12020, 3.221
12020,4141, 3.221
4141,3040, 0.296744
3040,4141, 0.296744
5127,19046, 3.04175
19046,5127, 3.04175
5127,11023, 0.265917
11023,5127, 0.265917
5127,2109, 0.836985
2109,5127, 0.836985
5127,12020, 2.37963
12020,5127, 2.37963
5127,3040, 3.17196
3040,5127, 3.17196
19046,11023, 3.32491
11023,19046, 3.32491
19046,2109, 3.25718
2109,19046, 3.25718
19046,12020, 3.69423
12020,19046, 3.69423
19046,3040, 3.30908
3040,19046, 3.30908
11023,2109, 2.65207
2109,11023, 2.65207
11023,12020, 1.31403
12020,11023, 1.31403
11023,3040, 0.544191
3040,11023, 0.544191
2109,12020, 0.886856
12020,2109, 0.886856
2109,3040, 2.06327
3040,2109, 2.06327
12020,3040, 1.05944
3040,12020, 1.05944
5129,8008, 2.22907
8008,5129, 2.22907
5129,17066, 0.694635
17066,5129, 0.694635
5129,1059, 0.279485
1059,5129, 0.279485
5129,10144, 0.215571
10144,5129, 0.215571
5129,19118, 0.775451
19118,5129, 0.775451
5129,18051, 2.81894
18051,5129, 2.81894
5129,3073, 0.287222
3073,5129, 0.287222
5129,7008, 1.53303
7008,5129, 1.53303
5129,15127, 1.55421
15127,5129, 1.55421
5129,4019, 2.93439
4019,5129, 2.93439
5129,88, 1.15596
88,5129, 1.15596
5129,13099, 0.774142
13099,5129, 0.774142
5129,14036, 1.31331
14036,5129, 1.31331
5129,6016, 2.1373
6016,5129, 2.1373
5129,16022, 0.222831
16022,5129, 0.222831
5129,11101, 2.09755
11101,5129, 2.09755
5129,2021, 1.01623
2021,5129, 1.01623
5129,9104, 2.07148
9104,5129, 2.07148
5129,12062, 0.40434
12062,5129, 0.40434
8008,17066, 2.46152
17066,8008, 2.46152
8008,1059, 2.41641
1059,8008, 2.41641
8008,10144, 2.04173
10144,8008, 2.04173
8008,19118, 3.74256
19118,8008, 3.74256
8008,18051, 1.72156
18051,8008, 1.72156
8008,3073, 1.653
3073,8008, 1.653
8008,7008, 1.16203
7008,8008, 1.16203
8008,15127, 1.54671
15127,8008, 1.54671
8008,4019, 3.44202
4019,8008, 3.44202
8008,88, 2.90428
88,8008, 2.90428
8008,13099, 2.73682
13099,8008, 2.73682
8008,14036, 0.740815
14036,8008, 0.740815
8008,6016, 0.693802
6016,8008, 0.693802
8008,16022, 2.9795
16022,8008, 2.9795
8008,11101, 0.51872
11101,8008, 0.51872
8008,2021, 3.17303
2021,8008, 3.17303
8008,9104, 1.56195
9104,8008, 1.56195
8008,12062, 1.08693
12062,8008, 1.08693
17066,1059, 2.54448
1059,17066, 2.54448
17066,10144, 0.898877
10144,17066, 0.898877
17066,19118, 2.83192
19118,17066, 2.83192
17066,18051, 0.26068
18051,17066, 0.26068
17066,3073, 1.99126
3073,17066, 1.99126
17066,7008, 1.69883
7008,17066, 1.69883
17066,15127, 1.67847
15127,17066, 1.67847
17066,4019, 3.98096
4019,17066, 3.98096
17066,88, 1.4534
88,17066, 1.4534
17066,13099, 3.53498
13099,17066, 3.53498
17066,14036, 0.629292
14036,17066, 0.629292
17066,6016, 1.77226
6016,17066, 1.77226
17066,16022, 3.98512
16022,17066, 3.98512
17066,11101, 2.41105
11101,17066, 2.41105
17066,2021, 2.02364
2021,17066, 2.02364
17066,9104, 1.91426
9104,17066, 1.91426
17066,12062, 3.206
12062,17066, 3.206
1059,10144, 3.04306
10144,1059, 3.04306
1059,19118, 1.83903
19118,1059, 1.83903
1059,18051, 3.64865
18051,1059, 3.64865
1059,3073, 2.81704
3073,1059, 2.81704
1059,7008, 3.69911
7008,1059, 3.69911
1059,15127, 2.50794
15127,1059, 2.50794
1059,4019, 2.11778
4019,1059, 2.11778
1059,88, 0.322929
88,1059, 0.322929
1059,13099, 2.61946
13099,1059, 2.61946
1059,14036, 3.89526
14036,1059, 3.89526
1059,6016, 0.318287
6016,1059, 0.318287
1059,16022, 0.408625
16022,1059, 0.408625
1059,11101, 1.27558
11101,1059, 1.27558
1059,2021, 3.76005
2021,1059, 3.76005
1059,9104, 0.404697
9104,1059, 0.404697
1059,12062, 0.565853
12062,1059, 0.565853
10144,19118, 1.17644
19118,10144, 1.17644
10144,18051, 1.97198
18051,10144, 1.97198
10144,3073, 3.22731
3073,10144, 3.22731
10144,7008, 2.71765
7008,10144, 2.71765
10144,15127, 0.683804
15127,10144, 0.683804
10144,4019, 0.804849
4019,10144, 0.804849
10144,88, 0.137611
88,10144, 0.137611
10144,13099, 1.23654
13099,10144, 1.23654
10144,14036, 0.243065
14036,10144, 0.243065
10144,6016, 3.38001
6016,10144, 3.38001
10144,16022, 1.54898
16022,10144, 1.54898
10144,11101, 1.10514
11101,10144, 1.10514
10144,2021, 2.99224
2021,10144, 2.99224
10144,9104, 2.57888
9104,10144, 2.57888
10144,12062, 0.481942
12062,10144, 0.481942
19118,18051, 1.01361
18051,19118, 1.01361
19118,3073, 3.55426
3073,19118, 3.55426
19118,7008, 1.50053
7008,19118, 1.50053
19118,15127, 1.38306
15127,19118, 1.38306
19118,4019, 2.94261
4019,19118, 2.94261
19118,88, 2.67707
88,19118, 2.67707
19118,13099, 3.18232
13099,19118, 3.18232
19118,14036, 0.748909
14036,19118, 0.748909
19118,6016, 2.52805
6016,19118, 2.52805
19118,16022, 1.52624
16022,19118, 1.52624
19118,11101, 2.85715
11101,19118, 2.85715
19118,2021, 3.04068
2021,19118, 3.04068
19118,9104, 2.25454
9104,19118, 2.25454
19118,12062, 1.59242
12062,19118, 1.59242
18051,3073, 2.36987
3073,18051, 2.36987
18051,7008, 1.32379
7008,18051, 1.32379
18051,15127, 1.77452
15127,18051, 1.77452
18051,4019, 3.0214
4019,18051, 3.0214
18051,88, 2.02376
88,18051, 2.02376
18051,13099, 2.21681
13099,18051, 2.21681
18051,14036, 3.49963
14036,18051, 3.49963
18051,6016, 3.92752
6016,18051, 3.92752
18051,16022, 1.17834
16022,18051, 1.17834
18051,11101, 1.18334
11101,18051, 1.18334
18051,2021, 3.36156
2021,18051, 3.36156
18051,9104, 1.29832
9104,18051, 1.29832
18051,12062, 1.87248
12062,18051, 1.87248
3073,7008, 3.35228
7008,3073, 3.35228
3073,15127, 0.988977
15127,3073, 0.988977
3073,4019, 3.85146
4019,3073, 3.85146
3073,88, 3.89205
88,3073, 3.89205
3073,13099, 3.70018
13099,3073, 3.70018
3073,14036, 3.09829
14036,3073, 3.09829
3073,6016, 2.8512
6016,3073, 2.8512
3073,16022, 1.15644
16022,3073, 1.15644
3073,11101, 2.28037
11101,3073, 2.28037
3073,2021, 3.64234
2021,3073, 3.64234
3073,9104, 0.94601
9104,3073, 0.94601
3073,12062, 2.94475
12062,3073, 2.94475
7008,15127, 3.43369
15127,7008, 3.43369
7008,4019, 0.318882
4019,7008, 0.318882
7008,88, 2.1354
88,7008, 2.1354
7008,13099, 0.132017
13099,7008, 0.132017
7008,14036, 0.563115
14036,7008, 0.563115
7008,6016, 3.68066
6016,7008, 3.68066
7008,16022, 0.525266
16022,7008, 0.525266
7008,11101, 1.36104
11101,7008, 1.36104
7008,2021, 0.710346
2021,7008, 0.710346
7008,9104, 0.945772
9104,7008, 0.945772
7008,12062, 3.58199
12062,7008, 3.58199
15127,4019, 0.817347
4019,15127, 0.817347
15127,88, 0.814371
88,15127, 0.814371
15127,13099, 2.35773
13099,15127, 2.35773
15127,14036, 2.74348
14036,15127, 2.74348
15127,6016, 2.53329
